# q = 1.8153361174005404e+01 m1 = 9.4778984268530453e-01 m2 = 5.2210157314695332e-02 chi1 = 9.3312665151825458e-01 chi2 = 4.2824963485893319e-02 lm = 32 Mtot = 2.7453213230060959e+02 distance = 7.9370079055085316e+03
#fHz   cexp_i_alpha(re im)   cexp_i_epsilon(re im)    cexp_i_betah(re im)
1.3250000000000000e+01  -2.9529477492303666e+00  -7.2843632445681763e+00  3.9583096827772862e-02
1.3375000000000000e+01  -2.8361225161322929e+00  -7.1749578065793189e+00  4.0132032995741834e-02
1.3500000000000002e+01  -2.7195169048526227e+00  -7.0657616796976459e+00  4.0623525897241032e-02
1.3625000000000000e+01  -2.6034042367242165e+00  -6.9570464441248987e+00  4.1052182412221874e-02
1.3750000000000000e+01  -2.4880326128026171e+00  -6.8490583101423548e+00  4.1414345583745397e-02
1.3875000000000000e+01  -2.3736250248166453e+00  -6.7420182939776687e+00  4.1707878589143377e-02
1.4000000000000002e+01  -2.2603805952498259e+00  -6.6361235160784542e+00  4.1931962140786865e-02
1.4124999999999998e+01  -2.1484764550849897e+00  -6.5315491295421495e+00  4.2086909104059420e-02
1.4250000000000000e+01  -2.0380699032654981e+00  -6.4284505226376538e+00  4.2173998629085191e-02
1.4375000000000000e+01  -1.9293005904284179e+00  -6.3269655383697456e+00  4.2195327873316292e-02
1.4500000000000000e+01  -1.8222926051253940e+00  -6.2272165894910252e+00  4.2153679453090377e-02
1.4625000000000002e+01  -1.7171563803013308e+00  -6.1293125872040157e+00  4.2052406563649426e-02
1.4750000000000000e+01  -1.6139903911798121e+00  -6.0333506551286487e+00  4.1895328963743657e-02
1.4875000000000000e+01  -1.5128825910386834e+00  -5.9394175758879966e+00  4.1686644966140746e-02
1.5000000000000000e+01  -1.4139116338905813e+00  -5.8475910194917580e+00  4.1430850914090177e-02
1.5125000000000002e+01  -1.3171477919772066e+00  -5.7579404628083211e+00  4.1132673813721432e-02
1.5249999999999998e+01  -1.2226537246722955e+00  -5.6705279560863717e+00  4.0797007734291825e-02
1.5375000000000000e+01  -1.1304849127497671e+00  -5.5854085526261237e+00  4.0428861504641013e-02
1.5500000000000000e+01  -1.0406899412549568e+00  -5.5026305839517615e+00  4.0033309332375665e-02
1.5625000000000000e+01  -9.5331052753160495e-01  -5.4222356784396135e+00  3.9615447623213847e-02
1.5750000000000002e+01  -8.6838127953526212e-01  -5.3442585091240780e+00  3.9180355936095201e-02
1.5875000000000000e+01  -7.8592939893359492e-01  -5.2687264840818129e+00  3.8733059345958679e-02
1.6000000000000000e+01  -7.0597401818290573e-01  -5.1956590713715567e+00  3.8278495092709093e-02
1.6125000000000000e+01  -6.2852549579524264e-01  -5.1250670808028236e+00  3.7821479664079123e-02
1.6250000000000000e+01  -5.5358447093249397e-01  -5.0569517055876769e+00  3.7366677398060218e-02
1.6375000000000000e+01  -4.8114093174368011e-01  -4.9913035770218297e+00  3.6918570024566055e-02
1.6500000000000000e+01  -4.1117311232506015e-01  -4.9281016488676492e+00  3.6481426669158885e-02
1.6625000000000000e+01  -3.4364642310475557e-01  -4.8673121153945234e+00  3.6059273987196876e-02
1.6750000000000000e+01  -2.7851252760513656e-01  -4.8088874759593834e+00  3.5655867755577421e-02
1.6875000000000000e+01  -2.1570853510211951e-01  -4.7527657164723927e+00  3.5274665292979568e-02
1.7000000000000000e+01  -1.5515641874815267e-01  -4.6988697172269580e+00  3.4918798631761991e-02
1.7125000000000000e+01  -9.6762849777223048e-02  -4.6471070771783101e+00  3.4591051051713187e-02
1.7250000000000000e+01  -4.0419434747270166e-02  -4.5973703422415371e+00  3.4293836447339666e-02
1.7375000000000000e+01  1.3996593333637009e-02  -4.5495376885172565e+00  3.4029181064612016e-02
1.7500000000000000e+01  6.6621056187166072e-02  -4.5034742335171938e+00  3.3798712708337571e-02
1.7625000000000000e+01  1.1760103194712102e-01  -4.4590338280259285e+00  3.3603654166778567e-02
1.7750000000000000e+01  1.6709257653461973e-01  -4.4160613291463333e+00  3.3444820958683452e-02
1.7875000000000000e+01  2.1525795305035744e-01  -4.3743953657057197e+00  3.3322628797641529e-02
1.8000000000000000e+01  2.6226259469129154e-01  -4.3338713710445447e+00  3.3237106565562592e-02
1.8125000000000000e+01  3.0827191706910839e-01  -4.2943247670939275e+00  3.3187914949546149e-02
1.8250000000000000e+01  3.5344812689165961e-01  -4.2555941526565473e+00  3.3174371396998879e-02
1.8375000000000000e+01  3.9794719845040816e-01  -4.2175243244398972e+00  3.3195479915406188e-02
1.8500000000000000e+01  4.4191617710599607e-01  -4.1799689716644899e+00  3.3249966946650882e-02
1.8625000000000000e+01  4.8549091239183206e-01  -4.1427929414981612e+00  3.3336316276204342e-02
1.8750000000000000e+01  5.2879431905736674e-01  -4.1058739770408206e+00  3.3452809312165765e-02
1.8875000000000000e+01  5.7193519020949068e-01  -4.0691039035884655e+00  3.3597563693629214e-02
1.9000000000000000e+01  6.1500754972976024e-01  -4.0323892759014477e+00  3.3768570937900561e-02
1.9125000000000000e+01  6.5809055406841477e-01  -3.9956514765857611e+00  3.3963734330495106e-02
1.9250000000000000e+01  7.0124883737386789e-01  -3.9588263713832963e+00  3.4180903057577462e-02
1.9375000000000000e+01  7.4453317236053884e-01  -3.9218636486668648e+00  3.4417901560986078e-02
1.9500000000000000e+01  7.8798147414109221e-01  -3.8847258165060081e+00  3.4672558180129195e-02
1.9625000000000000e+01  8.3162002104658161e-01  -3.8473869830662442e+00  3.4942730046765853e-02
1.9750000000000000e+01  8.7546469223135537e-01  -3.8098316198285436e+00  3.5226321666733076e-02
1.9875000000000000e+01  9.1952235708911534e-01  -3.7720531737401810e+00  3.5521302849410984e-02
2.0000000000000000e+01  9.6379213869973501e-01  -3.7340528047742767e+00  3.5825720711301599e-02
2.0125000000000000e+01  1.0082667570870498e+00  -3.6958380445702916e+00  3.6137711251517671e-02
2.0250000000000004e+01  1.0529336222139176e+00  -3.6574217044014614e+00  3.6455505324406765e-02
2.0375000000000000e+01  1.0977760065094586e+00  -3.6188207048026699e+00  3.6777435019296506e-02
2.0500000000000000e+01  1.1427739357095441e+00  -3.5800551858795497e+00  3.7101935550811510e-02
2.0625000000000000e+01  1.1879050231651926e+00  -3.5411476745322208e+00  3.7427546522429071e-02
2.0750000000000000e+01  1.2331452845941833e+00  -3.5021222719138465e+00  3.7752912205334624e-02
2.0875000000000000e+01  1.2784696290839306e+00  -3.4630041631734700e+00  3.8076779115732720e-02
2.1000000000000000e+01  1.3238524384660024e+00  -3.4238190400891950e+00  3.8397994107683665e-02
2.1125000000000000e+01  1.3692680187391286e+00  -3.3845926514126941e+00  3.8715501090142740e-02
2.1250000000000000e+01  1.4146908257984472e+00  -3.3453505777956791e+00  3.9028337204893376e-02
2.1375000000000004e+01  1.4600959009824133e+00  -3.3061177989346393e+00  3.9335628707627426e-02
2.1500000000000000e+01  1.5054588756556162e+00  -3.2669186888521877e+00  3.9636586941153552e-02
2.1625000000000000e+01  1.5507563292305355e+00  -3.2277766607698393e+00  3.9930503341487726e-02
2.1750000000000000e+01  1.5959657591786898e+00  -3.1887141972890638e+00  4.0216745391035452e-02
2.1875000000000000e+01  1.6410657380811458e+00  -3.1497526952110855e+00  4.0494751698678659e-02
2.2000000000000000e+01  1.6860359154463982e+00  -3.1109124645338495e+00  4.0764027885907897e-02
2.2125000000000000e+01  1.7308570625337936e+00  -3.0722126849185849e+00  4.1024142128520777e-02
2.2250000000000000e+01  1.7755110901785005e+00  -3.0336713890469049e+00  4.1274720739031087e-02
2.2375000000000000e+01  1.8199810153721252e+00  -2.9953054968488479e+00  4.1515444443937101e-02
2.2500000000000000e+01  1.8642509428057386e+00  -2.9571308349319727e+00  4.1746044579667352e-02
2.2625000000000000e+01  1.9083060803094187e+00  -2.9191621224446411e+00  4.1966298426894616e-02
2.2750000000000000e+01  1.9521325814989510e+00  -2.8814131281813782e+00  4.2176028487809852e-02
2.2875000000000000e+01  1.9957177009136187e+00  -2.8438965180026683e+00  4.2375094512270610e-02
2.3000000000000000e+01  2.0390495386889036e+00  -2.8066241089710076e+00  4.2563395721171925e-02
2.3125000000000000e+01  2.0821171574990451e+00  -2.7696067545782790e+00  4.2740863505403570e-02
2.3250000000000000e+01  2.1249104541815402e+00  -2.7328544729981443e+00  4.2907460902003550e-02
2.3375000000000000e+01  2.1674201065032594e+00  -2.6963765008274088e+00  4.3063180642754564e-02
2.3500000000000000e+01  2.2096375906747552e+00  -2.6601812767133381e+00  4.3208040132628835e-02
2.3625000000000004e+01  2.2515550713670129e+00  -2.6242765512040487e+00  4.3342081866187536e-02
2.3749999999999996e+01  2.2931653869582376e+00  -2.5886694022242329e+00  4.3465370220518627e-02
2.3874999999999996e+01  2.3344620161316207e+00  -2.5533662689711054e+00  4.3577988798289023e-02
2.4000000000000000e+01  2.3754390156992926e+00  -2.5183730142419565e+00  4.3680039842907338e-02
2.4125000000000000e+01  2.4160909879634174e+00  -2.4836949574596057e+00  4.3771642389398381e-02
2.4250000000000000e+01  2.4564130569525062e+00  -2.4493368988604187e+00  4.3852929481333444e-02
2.4375000000000000e+01  2.4964008096909103e+00  -2.4153031782455248e+00  4.3924049042600499e-02
2.4500000000000000e+01  2.5360502939722993e+00  -2.3815976777465124e+00  4.3985159035182825e-02
2.4625000000000000e+01  2.5753579554241566e+00  -2.3482238846394128e+00  4.4036430117788974e-02
2.4750000000000004e+01  2.6143206310778426e+00  -2.3151848981790297e+00  4.4078041183717519e-02
2.4874999999999996e+01  2.6529355077705574e+00  -2.2824834711996784e+00  4.4110181061564481e-02
2.5000000000000004e+01  2.6912001057725652e+00  -2.2501220267089250e+00  4.4133044687700289e-02
2.5125000000000000e+01  2.7291122480270724e+00  -2.2181026886803625e+00  4.4146834807309694e-02
2.5250000000000000e+01  2.7666700390630261e+00  -2.1864273032371644e+00  4.4151758801185353e-02
2.5375000000000000e+01  2.8038718485907310e+00  -2.1550974551661839e+00  4.4148030955606515e-02
2.5500000000000000e+01  2.8407162804170483e+00  -2.1241144989298917e+00  4.4135867322915870e-02
2.5625000000000000e+01  2.8772021690641343e+00  -2.0934795622297453e+00  4.4115489708657862e-02
2.5749999999999996e+01  2.9133285448804207e+00  -2.0631935807244983e+00  4.4087121125471564e-02
2.5874999999999996e+01  2.9490946367854214e+00  -2.0332572954780885e+00  4.4050988399513574e-02
2.5999999999999996e+01  2.9844998375207341e+00  -2.0036712874885136e+00  4.4007318973268171e-02
2.6125000000000000e+01  3.0195437116400505e+00  -1.9744359698993319e+00  4.3956342838808816e-02
2.6250000000000000e+01  3.0542259564562935e+00  -1.9455516267457240e+00  4.3898289645924522e-02
2.6375000000000000e+01  3.0885464185043876e+00  -1.9170183967401260e+00  4.3833390683402328e-02
2.6499999999999996e+01  3.1225050604608304e+00  -1.8888363060721838e+00  4.3761876739989262e-02
2.6624999999999996e+01  3.1561019533974051e+00  -1.8610052761218445e+00  4.3683978153231127e-02
2.6749999999999996e+01  3.1893372839188512e+00  -1.8335251164235207e+00  4.3599925377410212e-02
2.6874999999999996e+01  3.2222113193151900e+00  -1.8063955591753116e+00  4.3509947307773397e-02
2.6999999999999996e+01  3.2547244212970856e+00  -1.7796162456477240e+00  4.3414272163529881e-02
2.7124999999999996e+01  3.2868770414488333e+00  -1.7531867306772000e+00  4.3313127205162553e-02
2.7250000000000000e+01  3.3186696828367817e+00  -1.7271065206523604e+00  4.3206737299696735e-02
2.7375000000000000e+01  3.3501029319477427e+00  -1.7013750418720939e+00  4.3095326214251169e-02
2.7499999999999993e+01  3.3811773971461996e+00  -1.6759917014391310e+00  4.2979114585819704e-02
2.7624999999999996e+01  3.4118938043746772e+00  -1.6509557924713274e+00  4.2858322900066623e-02
2.7749999999999996e+01  3.4422528586364320e+00  -1.6262666311938592e+00  4.2733167332634124e-02
2.7874999999999996e+01  3.4722553826819329e+00  -1.6019234195710541e+00  4.2603863625726615e-02
2.7999999999999996e+01  3.5019021604112481e+00  -1.5779254003042547e+00  4.2470623027542398e-02
2.8124999999999996e+01  3.5311940783833977e+00  -1.5542717166453941e+00  4.2333655743473239e-02
2.8249999999999996e+01  3.5601320266703054e+00  -1.5309615105051897e+00  4.2193168547566426e-02
2.8375000000000000e+01  3.5887169303427990e+00  -1.5079938912044013e+00  4.2049365515205370e-02
2.8500000000000000e+01  3.6169497136290394e+00  -1.4853679709001351e+00  4.1902447396849896e-02
2.8624999999999993e+01  3.6448313960461967e+00  -1.4630827692883153e+00  4.1752613138692718e-02
2.8749999999999996e+01  3.6723629283485471e+00  -1.4411373760247779e+00  4.1600057268133622e-02
2.8874999999999996e+01  3.6995454057368926e+00  -1.4195307394361447e+00  4.1444972958009620e-02
2.8999999999999996e+01  3.7263797888645085e+00  -1.3982619428306711e+00  4.1287548283205765e-02
2.9124999999999996e+01  3.7528671800667714e+00  -1.3773299307515510e+00  4.1127969737635196e-02
2.9249999999999996e+01  3.7790086571135726e+00  -1.3567336735958859e+00  4.0966420102398066e-02
2.9374999999999996e+01  3.8048052967253483e+00  -1.3364721442391549e+00  4.0803078832475692e-02
2.9500000000000000e+01  3.8302582569558163e+00  -1.3165442363041433e+00  4.0638122686351259e-02
2.9625000000000000e+01  3.8553686297694529e+00  -1.2969489101772340e+00  4.0471724540393751e-02
2.9749999999999993e+01  3.8801375637277991e+00  -1.2776850713358683e+00  4.0304054371051209e-02
2.9874999999999996e+01  3.9045662451684651e+00  -1.2587515889069913e+00  4.0135278985647144e-02
2.9999999999999996e+01  3.9286558615093101e+00  -1.2401473319544176e+00  3.9965561806570661e-02
3.0124999999999996e+01  3.9524075663448714e+00  -1.2218712040074911e+00  3.9795062846900195e-02
3.0249999999999996e+01  3.9758226330433049e+00  -1.2039219906913279e+00  3.9623939188243432e-02
3.0374999999999996e+01  3.9989022689762850e+00  -1.1862985438260067e+00  3.9452344395523704e-02
3.0499999999999996e+01  4.0216477755570477e+00  -1.1689996226599244e+00  3.9280428898349359e-02
3.0625000000000000e+01  4.0440603872970531e+00  -1.1520240533872004e+00  3.9108339794004070e-02
3.0750000000000000e+01  4.0661414479986231e+00  -1.1353705543335662e+00  3.8936220982410036e-02
3.0874999999999996e+01  4.0878922897019550e+00  -1.1190378559272958e+00  3.8764213094652770e-02
3.0999999999999996e+01  4.1093143069647944e+00  -1.1030246269432418e+00  3.8592453456719022e-02
3.1124999999999996e+01  4.1304088517713105e+00  -1.0873295786776689e+00  3.8421076318101897e-02
3.1249999999999996e+01  4.1511773730318193e+00  -1.0719513264841183e+00  3.8250212585009262e-02
3.1374999999999996e+01  4.1716213647775815e+00  -1.0568884410796691e+00  3.8079989860537226e-02
3.1499999999999996e+01  4.1917423235507378e+00  -1.0421394907515218e+00  3.7910532651688651e-02
3.1625000000000000e+01  4.2115417718741979e+00  -1.0277030180048952e+00  3.7741962374004623e-02
3.1750000000000000e+01  4.2310212794945352e+00  -1.0135775184123497e+00  3.7574397291615630e-02
3.1875000000000000e+01  4.2501825623217657e+00  -9.9976134233428082e-01  3.7407951853180813e-02
3.1999999999999996e+01  4.2690272586830629e+00  -9.8625291691986927e-01  3.7242738095918139e-02
3.2124999999999993e+01  4.2875570730528922e+00  -9.7305060339973704e-01  3.7078864905690748e-02
3.2249999999999993e+01  4.3057738877440634e+00  -9.6015258612472998e-01  3.6916437039526066e-02
3.2375000000000000e+01  4.3236794986507139e+00  -9.4755713483777049e-01  3.6755557255923964e-02
3.2500000000000000e+01  4.3412758292699225e+00  -9.3526239214702089e-01  3.6596324675916184e-02
3.2625000000000000e+01  4.3585648552567369e+00  -9.2326644836182847e-01  3.6438835423614542e-02
3.2750000000000000e+01  4.3755486925688265e+00  -9.1156725390139215e-01  3.6283181736434841e-02
3.2875000000000000e+01  4.3922293720039969e+00  -9.0016284313801975e-01  3.6129454434339639e-02
3.3000000000000000e+01  4.4086091606496236e+00  -8.8905101511680984e-01  3.5977739493775182e-02
3.3124999999999993e+01  4.4246903321004813e+00  -8.7822956169522737e-01  3.5828120578935044e-02
3.3249999999999993e+01  4.4404752123988702e+00  -8.6769622187995799e-01  3.5680678695709317e-02
3.3374999999999993e+01  4.4559662903199015e+00  -8.5744857222606452e-01  3.5535490778550782e-02
3.3500000000000000e+01  4.4711661144915844e+00  -8.4748412897722192e-01  3.5392631026224620e-02
3.3625000000000000e+01  4.4860772729708591e+00  -8.3780036832457849e-01  3.5252171364227362e-02
3.3750000000000000e+01  4.5007025286248403e+00  -8.2839459186141706e-01  3.5114179490614884e-02
3.3875000000000000e+01  4.5150446642271183e+00  -8.1926408044615817e-01  3.4978721268890699e-02
3.4000000000000000e+01  4.5291066487945164e+00  -8.1040592889221896e-01  3.4845858136937601e-02
3.4125000000000000e+01  4.5428914449172728e+00  -8.0181723738456068e-01  3.4715650367468300e-02
3.4249999999999993e+01  4.5564022649952252e+00  -7.9349485681670640e-01  3.4588152658859006e-02
3.4374999999999993e+01  4.5696422615639909e+00  -7.8543569651125766e-01  3.4463419746013219e-02
3.4499999999999993e+01  4.5826148337567094e+00  -7.7763641962550789e-01  3.4341500802739990e-02
3.4625000000000000e+01  4.5953234139232944e+00  -7.7009365519699013e-01  3.4222443485843732e-02
3.4750000000000000e+01  4.6077715416569687e+00  -7.6280392455721113e-01  3.4106292639891150e-02
3.4875000000000000e+01  4.6199629353006246e+00  -7.5576357022585094e-01  3.3993088701672919e-02
3.5000000000000000e+01  4.6319013526352926e+00  -7.4896889438353487e-01  3.3882870758849583e-02
3.5124999999999993e+01  4.6435906751386424e+00  -7.4241607510497243e-01  3.3775674796269306e-02
3.5250000000000000e+01  4.6550349268106519e+00  -7.3610114763116918e-01  3.3671533164365053e-02
3.5374999999999993e+01  4.6662382038920533e+00  -7.3002007423976867e-01  3.3570476314383944e-02
3.5499999999999993e+01  4.6772047753307078e+00  -7.2416864435206296e-01  3.3472530159206634e-02
3.5624999999999993e+01  4.6879389311092599e+00  -7.1854262534466207e-01  3.3377720128537271e-02
3.5750000000000000e+01  4.6984450951481209e+00  -7.1313765029705101e-01  3.3286068186444584e-02
3.5875000000000000e+01  4.7087278533898864e+00  -7.0794919006409707e-01  3.3197591704803638e-02
3.6000000000000000e+01  4.7187917869778078e+00  -7.0297271918253168e-01  3.3112308555308639e-02
3.6125000000000000e+01  4.7286416453225462e+00  -6.9820354378053384e-01  3.3030231707275787e-02
3.6249999999999993e+01  4.7382822659156529e+00  -6.9363688133431900e-01  3.2951371508124723e-02
3.6375000000000000e+01  4.7477185217351980e+00  -6.8926791299959023e-01  3.2875737594113455e-02
3.6499999999999993e+01  4.7569554152651996e+00  -6.8509169012714066e-01  3.2803335388892935e-02
3.6624999999999993e+01  4.7659980340674766e+00  -6.8110317847178958e-01  3.2734167358369357e-02
3.6749999999999993e+01  4.7748514669232076e+00  -6.7729734163359856e-01  3.2668236497960038e-02
3.6875000000000000e+01  4.7835209891301975e+00  -6.7366895677806982e-01  3.2605538002886660e-02
3.7000000000000000e+01  4.7920117862129930e+00  -6.7021288949217750e-01  3.2546071509252754e-02
3.7125000000000000e+01  4.8003292040780794e+00  -6.6692384498948520e-01  3.2489829289607572e-02
3.7250000000000000e+01  4.8084785876534406e+00  -6.6379652865485461e-01  3.2436803584172572e-02
3.7374999999999993e+01  4.8164653219581597e+00  -6.6082560523101597e-01  3.2386984427046829e-02
3.7500000000000000e+01  4.8242948513313539e+00  -6.5800567972812951e-01  3.2340357820221106e-02
3.7624999999999993e+01  4.8319726030189356e+00  -6.5533137348230186e-01  3.2296910119368076e-02
3.7749999999999993e+01  4.8395040419802813e+00  -6.5279726967666196e-01  3.2256624063951196e-02
3.7875000000000000e+01  4.8468946212072490e+00  -6.5039796280819884e-01  3.2219481797599855e-02
3.8125000000000000e+01  4.8612750438402674e+00  -6.4598208392505407e-01  3.2154543522668340e-02
3.8375000000000000e+01  4.8751573586334151e+00  -6.4204061818915603e-01  3.2101910790339458e-02
3.8625000000000000e+01  4.8885846198689267e+00  -6.3853087156266097e-01  3.2061370908755493e-02
3.8874999999999993e+01  4.9015991704003081e+00  -6.3541085261553976e-01  3.2032686916498493e-02
3.9125000000000000e+01  4.9142423979143155e+00  -6.3263951640541771e-01  3.2015601026694256e-02
3.9375000000000000e+01  4.9265545025866233e+00  -6.3017699696276219e-01  3.2009832234806107e-02
3.9625000000000000e+01  4.9385742770549115e+00  -6.2798482743356399e-01  3.2015083841083092e-02
3.9874999999999993e+01  4.9503389100411086e+00  -6.2602613658970219e-01  3.2031041997356298e-02
4.0125000000000000e+01  4.9618838155229064e+00  -6.2426581979754037e-01  3.2057379084357886e-02
4.0375000000000000e+01  4.9732424977097320e+00  -6.2267067423099487e-01  3.2093756352209762e-02
4.0625000000000000e+01  4.9844464294343718e+00  -6.2120952059838341e-01  3.2139825003793400e-02
4.0875000000000000e+01  4.9955249665639307e+00  -6.1985328888882085e-01  3.2195228355669396e-02
4.1124999999999993e+01  5.0065052905262846e+00  -6.1857507600187578e-01  3.2259603740513967e-02
4.1375000000000000e+01  5.0174124040631884e+00  -6.1735015028711038e-01  3.2332585437796588e-02
4.1625000000000000e+01  5.0282691338729117e+00  -6.1615594910073401e-01  3.2413806062062685e-02
4.1875000000000000e+01  5.0390960478752858e+00  -6.1497216116813425e-01  3.2502893942947302e-02
4.2124999999999993e+01  5.0499116401072053e+00  -6.1378054259658965e-01  3.2599480779382253e-02
4.2375000000000000e+01  5.0607323756253191e+00  -6.1256487206703492e-01  3.2703201405917363e-02
4.2625000000000000e+01  5.0715725590799137e+00  -6.1131108131434120e-01  3.2813688469797611e-02
4.2875000000000000e+01  5.0824447830770740e+00  -6.1000680884543845e-01  3.2930585036673801e-02
4.3125000000000000e+01  5.0933597429228952e+00  -6.0864158383880307e-01  3.3053536333960923e-02
4.3375000000000000e+01  5.1043263939897638e+00  -6.0720666919120658e-01  3.3182192687109952e-02
4.3625000000000000e+01  5.1153522479045623e+00  -6.0569476651441034e-01  3.3316214699133755e-02
4.3875000000000000e+01  5.1264431692682511e+00  -6.0410021779272949e-01  3.3455266129896986e-02
4.4124999999999993e+01  5.1376037864658954e+00  -6.0241859637450412e-01  3.3599021536600833e-02
4.4374999999999993e+01  5.1488375389091594e+00  -6.0064665951919638e-01  3.3747164728551257e-02
4.4625000000000000e+01  5.1601466232268729e+00  -5.9878240137897443e-01  3.3899385896880525e-02
4.4875000000000000e+01  5.1715323267681779e+00  -5.9682472094250905e-01  3.4055386391686301e-02
4.5125000000000000e+01  5.1829949694901387e+00  -5.9477347933046243e-01  3.4214875786966407e-02
4.5375000000000000e+01  5.1945341483871177e+00  -5.9262925637175989e-01  3.4377574584059066e-02
4.5625000000000000e+01  5.2061486710433424e+00  -5.9039341620846919e-01  3.4543211590326570e-02
4.5875000000000000e+01  5.2178367921001056e+00  -5.8806787186795395e-01  3.4711526391444272e-02
4.6125000000000000e+01  5.2295962357623980e+00  -5.8565506252699118e-01  3.4882268307616794e-02
4.6374999999999993e+01  5.2414241954837468e+00  -5.8315795345453436e-01  3.5055195349615362e-02
4.6624999999999993e+01  5.2533176500756005e+00  -5.8057972162580818e-01  3.5230077431568668e-02
4.6875000000000000e+01  5.2652729622476580e+00  -5.7792415424976795e-01  3.5406690225514438e-02
4.7125000000000000e+01  5.2772866086114432e+00  -5.7519492333233524e-01  3.5584823468591056e-02
4.7375000000000000e+01  5.2893545221299396e+00  -5.7239623860484690e-01  3.5764272096420337e-02
4.7625000000000000e+01  5.3014727251220224e+00  -5.6953221858418290e-01  3.5944842974820472e-02
4.7875000000000000e+01  5.3136369993721067e+00  -5.6660721804633907e-01  3.6126350407433998e-02
4.8124999999999993e+01  5.3258429619714498e+00  -5.6362575251167613e-01  3.6308616581439190e-02
4.8374999999999993e+01  5.3380864505326509e+00  -5.6059211566425482e-01  3.6491474650264741e-02
4.8624999999999993e+01  5.3503629643712927e+00  -5.5751093405126539e-01  3.6674762931645989e-02
4.8874999999999993e+01  5.3626683778697419e+00  -5.5438645882096660e-01  3.6858330871532105e-02
4.9125000000000000e+01  5.3749982754705687e+00  -5.5122322578433902e-01  3.7042032804879235e-02
4.9375000000000000e+01  5.3873483397486615e+00  -5.4802567012089565e-01  3.7225731026649604e-02
4.9625000000000000e+01  5.3997144985498133e+00  -5.4479798037502336e-01  3.7409296302439769e-02
4.9875000000000000e+01  5.4120925488762230e+00  -5.4154447167046893e-01  3.7592604790197791e-02
5.0125000000000000e+01  5.4244785824520481e+00  -5.3826916343652531e-01  3.7775540658727777e-02
5.0374999999999993e+01  5.4368686047591668e+00  -5.3497615739524074e-01  3.7957993282374959e-02
5.0624999999999993e+01  5.4492588666971153e+00  -5.3166930854649186e-01  3.8139859017737913e-02
5.0874999999999993e+01  5.4616456963977882e+00  -5.2835239205246509e-01  3.8321039871646326e-02
5.1125000000000000e+01  5.4740253745740208e+00  -5.2502922686219833e-01  3.8501442770453871e-02
5.1375000000000000e+01  5.4863946359918323e+00  -5.2170317845871983e-01  3.8680981621834226e-02
5.1625000000000000e+01  5.4987500965149323e+00  -5.1837772710834296e-01  3.8859574390749857e-02
5.1875000000000000e+01  5.5110885236998026e+00  -5.1505619955256998e-01  3.9037144203514923e-02
5.2125000000000000e+01  5.5234069093371714e+00  -5.1174169717774376e-01  3.9213619291962834e-02
5.2375000000000000e+01  5.5357022929242534e+00  -5.0843727108932235e-01  3.9388932159615017e-02
5.2624999999999993e+01  5.5479717140579163e+00  -5.0514596931943068e-01  3.9563019427123765e-02
5.2874999999999993e+01  5.5602127547887203e+00  -5.0187029940867767e-01  3.9735822827953335e-02
5.3124999999999993e+01  5.5724226101690668e+00  -4.9861314960680625e-01  3.9907286944948196e-02
5.3375000000000000e+01  5.5845989391260167e+00  -4.9537694571600710e-01  4.0077360853895051e-02
5.3625000000000000e+01  5.5967392802445231e+00  -4.9216423007859289e-01  4.0245996916364858e-02
5.3875000000000000e+01  5.6088415471536477e+00  -4.8897717084030878e-01  4.0413151214777614e-02
5.4125000000000000e+01  5.6209036594712058e+00  -4.8581792767996923e-01  4.0578782924717179e-02
5.4375000000000000e+01  5.6329234219243247e+00  -4.8268877155185175e-01  4.0742854384746063e-02
5.4625000000000000e+01  5.6448991298088167e+00  -4.7959148509113625e-01  4.0905330924135043e-02
5.4874999999999993e+01  5.6568289383349155e+00  -4.7652798732915258e-01  4.1066180689306425e-02
5.5124999999999993e+01  5.6687111232916294e+00  -4.7350007557483975e-01  4.1225374569974979e-02
5.5374999999999993e+01  5.6805441240857100e+00  -4.7050938289266941e-01  4.1382885945544422e-02
5.5625000000000000e+01  5.6923263619452529e+00  -4.6755755816848366e-01  4.1538690812970229e-02
5.5875000000000000e+01  5.7040565424120757e+00  -4.6464596671799763e-01  4.1692767116968732e-02
5.6125000000000000e+01  5.7157332772878071e+00  -4.6177606461809617e-01  4.1845095333005920e-02
5.6375000000000000e+01  5.7273552695919374e+00  -4.5894921565607305e-01  4.1995658080615769e-02
5.6624999999999993e+01  5.7389214700332465e+00  -4.5616653655715211e-01  4.2144439450489408e-02
5.6875000000000000e+01  5.7504307261395802e+00  -4.5342924430992904e-01  4.2291425936534448e-02
5.7124999999999993e+01  5.7618819688422720e+00  -4.5073847154425373e-01  4.2436605863713645e-02
5.7374999999999993e+01  5.7732743718345914e+00  -4.4809510894136917e-01  4.2579968540556304e-02
5.7624999999999993e+01  5.7846069012639916e+00  -4.4550025083642275e-01  4.2721506051840843e-02
5.7875000000000000e+01  5.7958789483056830e+00  -4.4295456943581213e-01  4.2861210331159243e-02
5.8125000000000000e+01  5.8070896136601480e+00  -4.4045902272730952e-01  4.2999076431544131e-02
5.8375000000000000e+01  5.8182382176561198e+00  -4.3801434989093346e-01  4.3135100021415386e-02
5.8625000000000000e+01  5.8293241450079583e+00  -4.3562122494415867e-01  4.3269277985848842e-02
5.8874999999999993e+01  5.8403467966321605e+00  -4.3328030444632848e-01  4.3401608649519210e-02
5.9125000000000000e+01  5.8513056664233343e+00  -4.3099215161615057e-01  4.3532091223401070e-02
5.9374999999999993e+01  5.8622003154546922e+00  -4.2875726190935781e-01  4.3660725830546115e-02
5.9624999999999993e+01  5.8730302118027291e+00  -4.2657622143177187e-01  4.3787514657084171e-02
5.9874999999999993e+01  5.8837950196972280e+00  -4.2444942108224293e-01  4.3912459758906619e-02
6.0125000000000000e+01  5.8944944254839529e+00  -4.2237722869161276e-01  4.4035564201806189e-02
6.0375000000000000e+01  5.9051280898968734e+00  -4.2036003623777329e-01  4.4156832458353487e-02
6.0625000000000000e+01  5.9156956908749168e+00  -4.1839821754508799e-01  4.4276270067479848e-02
6.0875000000000000e+01  5.9261970822749150e+00  -4.1649197145408756e-01  4.4393882052216532e-02
6.1124999999999993e+01  5.9366320415647387e+00  -4.1464157125489542e-01  4.4509675163681497e-02
6.1375000000000000e+01  5.9470003848018367e+00  -4.1284725106824371e-01  4.4623656811294619e-02
6.1624999999999993e+01  5.9573020167999342e+00  -4.1110915630670775e-01  4.4735834450151342e-02
6.1874999999999993e+01  5.9675367756667237e+00  -4.0942749734408013e-01  4.4846217181040884e-02
6.2124999999999993e+01  5.9777046753237695e+00  -4.0780230989397115e-01  4.4954813018995017e-02
6.2375000000000000e+01  5.9878055836212356e+00  -4.0623377311197828e-01  4.5061632491467093e-02
6.2625000000000000e+01  5.9978395917967182e+00  -4.0472184456771654e-01  4.5166684244075203e-02
6.2875000000000000e+01  6.0078065793503281e+00  -4.0326669019069739e-01  4.5269980312897605e-02
6.3125000000000000e+01  6.0177066574335099e+00  -4.0186824623380657e-01  4.5371530535124251e-02
6.3374999999999993e+01  6.0275398486245333e+00  -4.0052653567413499e-01  4.5471346563421659e-02
6.3625000000000000e+01  6.0373062602633514e+00  -3.9924149699944822e-01  4.5569439537967646e-02
6.3874999999999993e+01  6.0470059199590338e+00  -3.9801314672110744e-01  4.5665822380966281e-02
6.4125000000000000e+01  6.0566389945506893e+00  -3.9684136311268725e-01  4.5760506578615918e-02
6.4375000000000000e+01  6.0662055986856949e+00  -3.9572607531787085e-01  4.5853504926393347e-02
6.4625000000000000e+01  6.0757058306985741e+00  -3.9466722792179532e-01  4.5944831071751902e-02
6.4875000000000000e+01  6.0851399350483941e+00  -3.9366462055298523e-01  4.6034496772025507e-02
6.5125000000000000e+01  6.0945080189041372e+00  -3.9271818780539292e-01  4.6122516535981657e-02
6.5375000000000000e+01  6.1038102996344765e+00  -3.9182775483967269e-01  4.6208903475349485e-02
6.5624999999999986e+01  6.1130469762125976e+00  -3.9099316439985587e-01  4.6293671433330859e-02
6.5875000000000000e+01  6.1222182386957265e+00  -3.9021426746724508e-01  4.6376834855648162e-02
6.6125000000000000e+01  6.1313243553596743e+00  -3.8949083724187483e-01  4.6458407071204195e-02
6.6375000000000000e+01  6.1403655636968386e+00  -3.8882267679077165e-01  4.6538402321935103e-02
6.6625000000000000e+01  6.1493420693125431e+00  -3.8820962014771121e-01  4.6616835884294897e-02
6.6875000000000000e+01  6.1582541638285120e+00  -3.8765141592153274e-01  4.6693721577903864e-02
6.7125000000000000e+01  6.1671020959295886e+00  -3.8714785463002821e-01  4.6769074421996668e-02
6.7374999999999986e+01  6.1758861936765044e+00  -3.8669864795861386e-01  4.6842907911699795e-02
6.7625000000000000e+01  6.1846066234136874e+00  -3.8630366678625050e-01  4.6915239587122723e-02
6.7874999999999986e+01  6.1932637906597048e+00  -3.8596254543746600e-01  4.6986081601533912e-02
6.8125000000000000e+01  6.2018579708075254e+00  -3.8567504626929949e-01  4.7055449356017513e-02
6.8375000000000000e+01  6.2103894030892537e+00  -3.8544096691506002e-01  4.7123359509774851e-02
6.8625000000000000e+01  6.2188584836756036e+00  -3.8525994968837818e-01  4.7189824806309441e-02
6.8875000000000000e+01  6.2272654537311238e+00  -3.8513178951571225e-01  4.7254862308743720e-02
6.9125000000000000e+01  6.2356106588977873e+00  -3.8505617781481938e-01  4.7318486437513109e-02
6.9375000000000000e+01  6.2438944956982390e+00  -3.8503275541527149e-01  4.7380710117149318e-02
6.9624999999999986e+01  6.2521171986350366e+00  -3.8506132270319737e-01  4.7441551259400340e-02
6.9875000000000000e+01  6.2602791358587044e+00  -3.8514154780097787e-01  4.7501023924109827e-02
7.0124999999999986e+01  6.2683806723190241e+00  -3.8527310165234363e-01  4.7559142238339465e-02
7.0375000000000000e+01  6.2764220913116153e+00  -3.8545573545749789e-01  4.7615923194575437e-02
7.0625000000000000e+01  6.2844037872101852e+00  -3.8568909046590472e-01  4.7671380083277363e-02
7.0875000000000000e+01  6.2923260854599405e+00  -3.8597287564183302e-01  4.7725528637095033e-02
7.1125000000000000e+01  6.3001893399861402e+00  -3.8630677153491932e-01  4.7778383642784104e-02
7.1375000000000000e+01  6.3079938975588270e+00  -3.8669046545876684e-01  4.7829960209185979e-02
7.1625000000000000e+01  6.3157401414769145e+00  -3.8712360838683324e-01  4.7880271937044923e-02
7.1874999999999986e+01  6.3234283701309995e+00  -3.8760593480346328e-01  4.7929336074875699e-02
7.2125000000000000e+01  6.3310589985945116e+00  -3.8813706376534718e-01  4.7977164815601499e-02
7.2374999999999986e+01  6.3386323435690919e+00  -3.8871671113977335e-01  4.8023774748426652e-02
7.2625000000000000e+01  6.3461487859829466e+00  -3.8934452914802620e-01  4.8069179487544363e-02
7.2875000000000000e+01  6.3536086852385401e+00  -3.9002019099820195e-01  4.8113393594892237e-02
7.3125000000000000e+01  6.3610123822912472e+00  -3.9074338785105800e-01  4.8156432673954856e-02
7.3375000000000000e+01  6.3683602633873129e+00  -3.9151376592829301e-01  4.8198309768545042e-02
7.3625000000000000e+01  6.3756526859325717e+00  -3.9233099967232876e-01  4.8239039408581104e-02
7.3875000000000000e+01  6.3828900015233341e+00  -3.9319476902500705e-01  4.8278636505059064e-02
7.4124999999999986e+01  6.3900725883695291e+00  -3.9410472743578628e-01  4.8317114106324770e-02
7.4375000000000000e+01  6.3972007800090447e+00  -3.9506057221391400e-01  4.8354488363000728e-02
7.4625000000000000e+01  6.4042749679544322e+00  -3.9606194323799881e-01  4.8390771032475390e-02
7.4875000000000000e+01  6.4112954991458029e+00  -3.9710852415763531e-01  4.8425977088900243e-02
7.5125000000000000e+01  6.4182627241603942e+00  -3.9819999482294177e-01  4.8460121388950658e-02
7.5375000000000000e+01  6.4251770222072837e+00  -3.9933600662319613e-01  4.8493215871420157e-02
7.5625000000000000e+01  6.4320387402445300e+00  -4.0051624257181295e-01  4.8525275445960088e-02
7.5875000000000000e+01  6.4388482432608303e+00  -4.0174036769137045e-01  4.8556312954694612e-02
7.6125000000000000e+01  6.4456058881231222e+00  -4.0300805482457847e-01  4.8586341869081451e-02
7.6374999999999986e+01  6.4523120314498907e+00  -4.0431897686918328e-01  4.8615375423390450e-02
7.6625000000000000e+01  6.4589670227186557e+00  -4.0567281358270080e-01  4.8643427968207496e-02
7.6875000000000000e+01  6.4655712245860917e+00  -4.0706923153299712e-01  4.8670510921597882e-02
7.7125000000000000e+01  6.4721249820371085e+00  -4.0850791454734869e-01  4.8696639204153798e-02
7.7375000000000000e+01  6.4786286520046064e+00  -4.0998853448436456e-01  4.8721824177485308e-02
7.7625000000000000e+01  6.4850825822346705e+00  -4.1151077209462184e-01  4.8746079075671050e-02
7.7875000000000000e+01  6.4914871201082951e+00  -4.1307430831785563e-01  4.8769418318109985e-02
7.8125000000000000e+01  6.4978426152086941e+00  -4.1467882175184334e-01  4.8791853245100172e-02
7.8375000000000000e+01  6.5041494119588847e+00  -4.1632399592085401e-01  4.8813395787168284e-02
7.8624999999999986e+01  6.5104078530460852e+00  -4.1800951589926383e-01  4.8834058616409069e-02
7.8875000000000000e+01  6.5166182811138151e+00  -4.1973506664374804e-01  4.8853854551221043e-02
7.9125000000000000e+01  6.5227810364908807e+00  -4.2150033523718999e-01  4.8872795779315276e-02
7.9375000000000000e+01  6.5288964657824220e+00  -4.2330500241131785e-01  4.8890895956977591e-02
7.9625000000000000e+01  6.5349648863203189e+00  -4.2514877763744696e-01  4.8908163258809971e-02
7.9875000000000000e+01  6.5409866503271070e+00  -4.2703133579732055e-01  4.8924612960763829e-02
8.0125000000000000e+01  6.5469620880312478e+00  -4.2895237333181679e-01  4.8940256173474250e-02
8.0375000000000000e+01  6.5528915254579401e+00  -4.3091159068313711e-01  4.8955103928045661e-02
8.0625000000000000e+01  6.5587752929062662e+00  -4.3290868392949511e-01  4.8969168045995173e-02
8.0874999999999986e+01  6.5646137006701686e+00  -4.3494336875262318e-01  4.8982458483529792e-02
8.1125000000000000e+01  6.5704071326999482e+00  -4.3701528798455325e-01  4.8994992084106771e-02
8.1375000000000000e+01  6.5761558252117478e+00  -4.3912423014975577e-01  4.9006772383519893e-02
8.1625000000000000e+01  6.5818601840059001e+00  -4.4126981623020711e-01  4.9017817656067261e-02
8.1875000000000000e+01  6.5875204568854997e+00  -4.4345182304071873e-01  4.9028133444852288e-02
8.2125000000000000e+01  6.5931369963712356e+00  -4.4566992388523818e-01  4.9037733474657300e-02
8.2375000000000000e+01  6.5987101165994808e+00  -4.4792382982678491e-01  4.9046628511279881e-02
8.2625000000000000e+01  6.6042401158401587e+00  -4.5021326746011248e-01  4.9054828442322777e-02
8.2875000000000000e+01  6.6097273491248805e+00  -4.5253790720889242e-01  4.9062346452982505e-02
8.3124999999999986e+01  6.6151720243330239e+00  -4.5489756465277109e-01  4.9069187595103508e-02
8.3375000000000000e+01  6.6205745783575125e+00  -4.5729182913176247e-01  4.9075369285950438e-02
8.3625000000000000e+01  6.6259351946306104e+00  -4.5972054011177477e-01  4.9080895723767774e-02
8.3875000000000000e+01  6.6312542645126715e+00  -4.6218333163227632e-01  4.9085781542550500e-02
8.4125000000000000e+01  6.6365320395945364e+00  -4.6467997561474350e-01  4.9090034603693468e-02
8.4375000000000000e+01  6.6417688128005556e+00  -4.6721020304566885e-01  4.9093664835935247e-02
8.4625000000000000e+01  6.6469649057191500e+00  -4.6977371648470179e-01  4.9096683305168344e-02
8.4875000000000000e+01  6.6521206184635586e+00  -4.7237023957381608e-01  4.9099100067124014e-02
8.5125000000000000e+01  6.6572362087835222e+00  -4.7499953767214143e-01  4.9100923578578246e-02
8.5375000000000000e+01  6.6623119782821707e+00  -4.7766133271230782e-01  4.9102163995181726e-02
8.5624999999999986e+01  6.6673482060247720e+00  -4.8035536876823759e-01  4.9102830618685638e-02
8.5875000000000000e+01  6.6723452256526103e+00  -4.8308133589369362e-01  4.9102934539362514e-02
8.6125000000000000e+01  6.6773031561212379e+00  -4.8583913606567775e-01  4.9102479797890751e-02
8.6375000000000000e+01  6.6822225190364977e+00  -4.8862827345491899e-01  4.9101483429008212e-02
8.6625000000000000e+01  6.6871034673924896e+00  -4.9144861618946978e-01  4.9099950516595159e-02
8.6875000000000000e+01  6.6919462084406582e+00  -4.9429997870470377e-01  4.9097888170657321e-02
8.7125000000000000e+01  6.6967511165545641e+00  -4.9718201024328001e-01  4.9095308352000398e-02
8.7375000000000000e+01  6.7015184184795773e+00  -5.0009450575945236e-01  4.9092218642301483e-02
8.7625000000000000e+01  6.7062484233146851e+00  -5.0303717874553611e-01  4.9088628890251479e-02
8.7875000000000000e+01  6.7109413441271402e+00  -5.0600983745155226e-01  4.9084546341454899e-02
8.8125000000000000e+01  6.7155975041767206e+00  -5.0901218115727165e-01  4.9079981077469352e-02
8.8375000000000000e+01  6.7202170855905479e+00  -5.1204404846718266e-01  4.9074939585395577e-02
8.8625000000000000e+01  6.7248004345700343e+00  -5.1510511577471840e-01  4.9069432355871662e-02
8.8875000000000000e+01  6.7293477393318106e+00  -5.1819521545691005e-01  4.9063466023847806e-02
8.9125000000000000e+01  6.7338592975869656e+00  -5.2131407160026022e-01  4.9057049776118702e-02
8.9375000000000000e+01  6.7383353217581350e+00  -5.2446149245741580e-01  4.9050190812227730e-02
8.9625000000000000e+01  6.7427761010194214e+00  -5.2763721033640287e-01  4.9042897993387957e-02
8.9875000000000000e+01  6.7471819028991726e+00  -5.3084097882650250e-01  4.9035179607077893e-02
9.0125000000000000e+01  6.7515529391336537e+00  -5.3407260654730671e-01  4.9027042742758577e-02
9.0375000000000000e+01  6.7558894557473836e+00  -5.3733186813408240e-01  4.9018495186668440e-02
9.0625000000000000e+01  6.7601917052584666e+00  -5.4061853170070640e-01  4.9009544794749636e-02
9.0875000000000000e+01  6.7644599253084206e+00  -5.4393237996113752e-01  4.9000199080925837e-02
9.1125000000000000e+01  6.7686943829638748e+00  -5.4727316644364121e-01  4.8990466048904967e-02
9.1375000000000000e+01  6.7728952542520870e+00  -5.5064073456180962e-01  4.8980351997619548e-02
9.1625000000000000e+01  6.7770628170391598e+00  -5.5403482696840500e-01  4.8969865034098302e-02
9.1875000000000000e+01  6.7811972710189128e+00  -5.5745526348814867e-01  4.8959011827492904e-02
9.2125000000000000e+01  6.7852988237435996e+00  -5.6090185608335563e-01  4.8947799178287489e-02
9.2375000000000000e+01  6.7893678448043646e+00  -5.6437425642093775e-01  4.8936236478613823e-02
9.2625000000000000e+01  6.7934044631825401e+00  -5.6787235393441193e-01  4.8924329071012830e-02
9.2875000000000000e+01  6.7974089567379652e+00  -5.7139589077687214e-01  4.8912084690418946e-02
9.3125000000000000e+01  6.8013814226660765e+00  -5.7494478763135293e-01  4.8899508216754935e-02
9.3374999999999986e+01  6.8053221463042508e+00  -5.7851877906679494e-01  4.8886607426042651e-02
9.3625000000000000e+01  6.8092312121866954e+00  -5.8211779811366648e-01  4.8873387051840501e-02
9.3875000000000014e+01  6.8131092676217353e+00  -5.8574122119265848e-01  4.8859859906303572e-02
9.4125000000000000e+01  6.8169561222296444e+00  -5.8938925299651768e-01  4.8846026623965470e-02
9.4374999999999986e+01  6.8207721621491197e+00  -5.9306152801255418e-01  4.8831896088992383e-02
9.4624999999999986e+01  6.8245574984952233e+00  -5.9675795261802245e-01  4.8817473282129681e-02
9.4875000000000000e+01  6.8283123500878737e+00  -6.0047832658155764e-01  4.8802764639790594e-02
9.5125000000000000e+01  6.8320371293030044e+00  -6.0422225812567021e-01  4.8787779016515098e-02
9.5375000000000000e+01  6.8357317590766042e+00  -6.0798983948978425e-01  4.8772518868968627e-02
9.5624999999999986e+01  6.8393965312522846e+00  -6.1178079793455709e-01  4.8756991412385181e-02
9.5875000000000000e+01  6.8430318524416416e+00  -6.1559474708014994e-01  4.8741205117111913e-02
9.6125000000000014e+01  6.8466377205226046e+00  -6.1943170478308041e-01  4.8725163364997943e-02
9.6375000000000000e+01  6.8502141724850034e+00  -6.2329165015557342e-01  4.8708870141640916e-02
9.6624999999999986e+01  6.8537618269634111e+00  -6.2717398675565228e-01  4.8692336127297453e-02
9.6874999999999986e+01  6.8572805937830843e+00  -6.3107881931806542e-01  4.8675563679315338e-02
9.7125000000000000e+01  6.8607707889492557e+00  -6.3500585061920933e-01  4.8658559790483440e-02
9.7375000000000000e+01  6.8642324445861478e+00  -6.3895506424207982e-01  4.8641328251847499e-02
9.7625000000000000e+01  6.8676657462192301e+00  -6.4292629190290196e-01  4.8623874546689858e-02
9.7874999999999986e+01  6.8710712285293027e+00  -6.4691901969129662e-01  4.8606207730731453e-02
9.8125000000000000e+01  6.8744486964080682e+00  -6.5093345581273621e-01  4.8588329111651417e-02
9.8375000000000014e+01  6.8777985166571014e+00  -6.5496925231170611e-01  4.8570245852586499e-02
9.8625000000000000e+01  6.8811209243498599e+00  -6.5902619149572228e-01  4.8551963639712148e-02
9.8874999999999986e+01  6.8844158474390404e+00  -6.6310435957416836e-01  4.8533485103508744e-02
9.9124999999999986e+01  6.8876838786008179e+00  -6.6720318471978990e-01  4.8514819303427145e-02
9.9375000000000000e+01  6.8909247922216847e+00  -6.7132290499523961e-01  4.8495967349634565e-02
9.9625000000000000e+01  6.8941389769295203e+00  -6.7546315036622051e-01  4.8476936187603376e-02
9.9875000000000000e+01  6.8973265173971692e+00  -6.7962385159841610e-01  4.8457729841822769e-02
1.0012499999999999e+02  6.9004878087933079e+00  -6.8380463197665797e-01  4.8438355088758878e-02
1.0037500000000000e+02  6.9036227424318151e+00  -6.8800561354052547e-01  4.8418814143308779e-02
1.0062500000000001e+02  6.9067316630286708e+00  -6.9222646935059240e-01  4.8399113207436596e-02
1.0087500000000000e+02  6.9098144328170248e+00  -6.9646735012137961e-01  4.8379254284728744e-02
1.0112500000000000e+02  6.9128718850465303e+00  -7.0072744496987305e-01  4.8359247517632493e-02
1.0137499999999999e+02  6.9159033857509220e+00  -7.0500739582185190e-01  4.8339090716215526e-02
1.0162500000000000e+02  6.9189096118638496e+00  -7.0930654639778457e-01  4.8318792546540347e-02
1.0187500000000000e+02  6.9218905849611252e+00  -7.1362488931717971e-01  4.8298356199918825e-02
1.0212500000000000e+02  6.9248464934158473e+00  -7.1796225194302910e-01  4.8277786188968594e-02
1.0237499999999999e+02  6.9277776697515892e+00  -7.2231831876595276e-01  4.8257088053155969e-02
1.0262500000000000e+02  6.9306838695590960e+00  -7.2669334565637111e-01  4.8236262887374197e-02
1.0287500000000001e+02  6.9335656358495577e+00  -7.3108680845360885e-01  4.8215317730126522e-02
1.0312500000000000e+02  6.9364229812300939e+00  -7.3549870829348407e-01  4.8194255540301288e-02
1.0337500000000000e+02  6.9392559953431592e+00  -7.3992896994676594e-01  4.8173079855849191e-02
1.0362499999999999e+02  6.9420648380965781e+00  -7.4437744850047016e-01  4.8151794684178205e-02
1.0387500000000000e+02  6.9448498405098391e+00  -7.4884382942300620e-01  4.8130405159812463e-02
1.0412500000000000e+02  6.9476107927808863e+00  -7.5332833395393717e-01  4.8108912624537287e-02
1.0437500000000000e+02  6.9503483992007968e+00  -7.5783027753885124e-01  4.8087324633551740e-02
1.0462499999999999e+02  6.9530623157808957e+00  -7.6235001424698456e-01  4.8065641567671659e-02
1.0487500000000000e+02  6.9557529748866944e+00  -7.6688712879112142e-01  4.8043868992049592e-02
1.0512500000000001e+02  6.9584204223343162e+00  -7.7144158884668679e-01  4.8022009841294476e-02
1.0537500000000000e+02  6.9610646815725241e+00  -7.7601338420950450e-01  4.8000066914931465e-02
1.0562500000000000e+02  6.9636862903653940e+00  -7.8060199484836801e-01  4.7978046179093931e-02
1.0587499999999999e+02  6.9662849167687710e+00  -7.8520776265042924e-01  4.7955948118491042e-02
1.0612500000000000e+02  6.9688609597353688e+00  -7.8983030501247864e-01  4.7933777727576156e-02
1.0637500000000001e+02  6.9714142881071028e+00  -7.9446976471335917e-01  4.7911536732210845e-02
1.0662500000000000e+02  6.9739455827681462e+00  -7.9912547949103629e-01  4.7889231638193822e-02
1.0687499999999999e+02  6.9764546895694215e+00  -8.0379761475731648e-01  4.7866863918682681e-02
1.0712500000000000e+02  6.9789418904291933e+00  -8.0848590357632011e-01  4.7844437579636592e-02
1.0737500000000001e+02  6.9814067574864902e+00  -8.1319078265912736e-01  4.7821952576816470e-02
1.0762500000000000e+02  6.9838500972344937e+00  -8.1791146482862942e-01  4.7799415777690375e-02
1.0787500000000000e+02  6.9862717664514005e+00  -8.2264810444707370e-01  4.7776828654196538e-02
1.0812499999999999e+02  6.9886718786491189e+00  -8.2740060127667725e-01  4.7754194098122107e-02
1.0837500000000000e+02  6.9910506386218705e+00  -8.3216876448097654e-01  4.7731515429496732e-02
1.0862500000000001e+02  6.9934081719469967e+00  -8.3695248171315173e-01  4.7708795505420939e-02
1.0887500000000000e+02  6.9957443995708619e+00  -8.4175184350976773e-01  4.7686036092992233e-02
1.0912499999999999e+02  6.9980595536423689e+00  -8.4656663171391466e-01  4.7663240539711951e-02
1.0937500000000000e+02  7.0003541203971871e+00  -8.5139637605718654e-01  4.7640413382640280e-02
1.0962500000000001e+02  7.0026278133736506e+00  -8.5624137260719912e-01  4.7617555237919280e-02
1.0987500000000000e+02  7.0048813452203502e+00  -8.6110092633341973e-01  4.7594671605138382e-02
1.1012500000000000e+02  7.0071139860417384e+00  -8.6597577310209894e-01  4.7571760947317000e-02
1.1037499999999999e+02  7.0093264491901701e+00  -8.7086521702975661e-01  4.7548828647480883e-02
1.1062500000000000e+02  7.0115182622717533e+00  -8.7576973850005402e-01  4.7525874444157200e-02
1.1087500000000001e+02  7.0136905967711725e+00  -8.8068818689250339e-01  4.7502905646741936e-02
1.1112500000000000e+02  7.0158425256075816e+00  -8.8562149361345988e-01  4.7479919859502305e-02
1.1137499999999999e+02  7.0179747718899419e+00  -8.9056895273416758e-01  4.7456922194411937e-02
1.1162500000000000e+02  7.0200873862832660e+00  -8.9553052544708933e-01  4.7433914652680875e-02
1.1187500000000001e+02  7.0221801887989805e+00  -9.0050640179172792e-01  4.7410898216381232e-02
1.1212500000000000e+02  7.0242535532498778e+00  -9.0549622218880277e-01  4.7387876243687739e-02
1.1237500000000000e+02  7.0263077074111333e+00  -9.1049977189240838e-01  4.7364851385390344e-02
1.1262499999999999e+02  7.0283423660182764e+00  -9.1551734528886630e-01  4.7341824118604998e-02
1.1287500000000000e+02  7.0303581877063301e+00  -9.2054829987602727e-01  4.7318798800194441e-02
1.1312500000000001e+02  7.0323547730602840e+00  -9.2559304324635372e-01  4.7295775387684577e-02
1.1337500000000000e+02  7.0343324928986322e+00  -9.3065121843787635e-01  4.7272756962383103e-02
1.1362499999999999e+02  7.0362914731051065e+00  -9.3572271153510833e-01  4.7249745554479049e-02
1.1387500000000000e+02  7.0382318035511044e+00  -9.4080744431459573e-01  4.7226743014611244e-02
1.1412500000000001e+02  7.0401534807562571e+00  -9.4590543118211468e-01  4.7203750805416785e-02
1.1437500000000000e+02  7.0420566826420083e+00  -9.5101650640087598e-01  4.7180771056483550e-02
1.1462500000000000e+02  7.0439415784865522e+00  -9.5614051274849032e-01  4.7157805814405179e-02
1.1487499999999999e+02  7.0458080737901412e+00  -9.6127755485618227e-01  4.7134856111911323e-02
1.1512500000000000e+02  7.0476568373596917e+00  -9.6642697936992450e-01  4.7111925740710027e-02
1.1537500000000001e+02  7.0494871113551696e+00  -9.7158954951790166e-01  4.7089013267522427e-02
1.1562500000000000e+02  7.0512998477837572e+00  -9.7676433057674217e-01  4.7066123392117076e-02
1.1587499999999999e+02  7.0530947446831540e+00  -9.8195163300087751e-01  4.7043256279650496e-02
1.1612500000000000e+02  7.0548721039835796e+00  -9.8715116747635134e-01  4.7020414194818727e-02
1.1637500000000001e+02  7.0566317451794021e+00  -9.9236312378498992e-01  4.6997597708760705e-02
1.1662500000000000e+02  7.0583737757512575e+00  -9.9758740564956616e-01  4.6974808361464906e-02
1.1687500000000000e+02  7.0600986065521072e+00  -1.0028236153909402e+00  4.6952048657917758e-02
1.1712499999999999e+02  7.0618059077584627e+00  -1.0080720910061385e+00  4.6929318614884107e-02
1.1737500000000000e+02  7.0634963534245863e+00  -1.0133321732273184e+00  4.6906621497547971e-02
1.1762500000000001e+02  7.0651697436631604e+00  -1.0186040708827728e+00  4.6883957683076079e-02
1.1787500000000000e+02  7.0668262680991605e+00  -1.0238876058159052e+00  4.6861328781045708e-02
1.1812499999999999e+02  7.0684653529338553e+00  -1.0291833583241918e+00  4.6838733998221346e-02
1.1837500000000000e+02  7.0700884544634253e+00  -1.0344898916303840e+00  4.6816178791520106e-02
1.1862500000000001e+02  7.0716948562632718e+00  -1.0398079276299832e+00  4.6793661847563610e-02
1.1887500000000000e+02  7.0732843210422116e+00  -1.0451377122000398e+00  4.6771183368640182e-02
1.1912500000000000e+02  7.0748571161961937e+00  -1.0504789896924720e+00  4.6748745051576439e-02
1.1937499999999999e+02  7.0764139781401099e+00  -1.0558310382662470e+00  4.6726349889708453e-02
1.1962500000000000e+02  7.0779538590338440e+00  -1.0611949092141173e+00  4.6703995662720134e-02
1.1987500000000001e+02  7.0794789944364087e+00  -1.0665683906161121e+00  4.6681689534672915e-02
1.2012500000000000e+02  7.0809871238872271e+00  -1.0719537389200906e+00  4.6659425818097802e-02
1.2037499999999999e+02  7.0824792172532769e+00  -1.0773500000411920e+00  4.6637208007208317e-02
1.2062500000000000e+02  7.0839558844738466e+00  -1.0827565774802461e+00  4.6615038472825547e-02
1.2087500000000001e+02  7.0854167322067987e+00  -1.0881738719387553e+00  4.6592916786105297e-02
1.2112500000000000e+02  7.0868613903387043e+00  -1.0936022610746465e+00  4.6570842618788445e-02
1.2137500000000000e+02  7.0882910312312868e+00  -1.0990405891071022e+00  4.6548819712403801e-02
1.2162499999999999e+02  7.0897055152385011e+00  -1.1044890044354130e+00  4.6526848242289379e-02
1.2187500000000000e+02  7.0911040116127877e+00  -1.1099483425951204e+00  4.6504926622276357e-02
1.2212500000000001e+02  7.0924876824737773e+00  -1.1154174577347518e+00  4.6483058382801701e-02
1.2237500000000000e+02  7.0938562355726562e+00  -1.1208966499218049e+00  4.6461243269444716e-02
1.2262499999999999e+02  7.0952087787302682e+00  -1.1263868158082824e+00  4.6439479558001581e-02
1.2287500000000000e+02  7.0965465500319160e+00  -1.1318867337853620e+00  4.6417770809679411e-02
1.2312499999999999e+02  7.0978695612793770e+00  -1.1373964015114781e+00  4.6396117467719364e-02
1.2337500000000000e+02  7.0991781241752800e+00  -1.1429155183662738e+00  4.6374520670876197e-02
1.2362500000000000e+02  7.1004716201706684e+00  -1.1484447088442922e+00  4.6352979317973539e-02
1.2387499999999999e+02  7.1017507187766480e+00  -1.1539833164201965e+00  4.6331495355070550e-02
1.2412500000000000e+02  7.1030152209247710e+00  -1.1595315483579092e+00  4.6310068637913392e-02
1.2437500000000001e+02  7.1042649698764073e+00  -1.1650895698370221e+00  4.6288699130895325e-02
1.2462500000000000e+02  7.1054998456238350e+00  -1.1706575095050695e+00  4.6267386877852763e-02
1.2500000000000000e+02  7.1073269542910431e+00  -1.1790253675297109e+00  4.6235532407960606e-02
1.2537500000000001e+02  7.1091215707332722e+00  -1.1874146256924334e+00  4.6203810279675309e-02
1.2575000000000000e+02  7.1108848258476245e+00  -1.1958241897641013e+00  4.6172223655933819e-02
1.2612500000000000e+02  7.1126163874160406e+00  -1.2042544209122652e+00  4.6140772385634382e-02
1.2650000000000001e+02  7.1143173319608239e+00  -1.2127042785463407e+00  4.6109459180171689e-02
1.2687500000000000e+02  7.1159877673285381e+00  -1.2211736856551072e+00  4.6078284554235120e-02
1.2725000000000000e+02  7.1176269835842128e+00  -1.2296633789581244e+00  4.6047247316453058e-02
1.2762500000000001e+02  7.1192368450566823e+00  -1.2381715332903469e+00  4.6016351307035408e-02
1.2800000000000000e+02  7.1208164850097289e+00  -1.2466990411515106e+00  4.5985594801603802e-02
1.2837500000000000e+02  7.1223668346332483e+00  -1.2552450056218589e+00  4.5954979504142728e-02
1.2875000000000000e+02  7.1238878457825487e+00  -1.2638095043257844e+00  4.5924505109175028e-02
1.2912500000000000e+02  7.1253797910272629e+00  -1.2723922955738947e+00  4.5894171828475758e-02
1.2950000000000000e+02  7.1268429440107264e+00  -1.2809931364789167e+00  4.5863979766716807e-02
1.2987500000000000e+02  7.1282777550371685e+00  -1.2896116081465894e+00  4.5833929232761701e-02
1.3025000000000000e+02  7.1296839677407169e+00  -1.2982479951119590e+00  4.5804019191906138e-02
1.3062500000000000e+02  7.1310638193580758e+00  -1.3069000990395558e+00  4.5774252812568313e-02
1.3100000000000000e+02  7.1324148338443498e+00  -1.3155704143008156e+00  4.5744625052684451e-02
1.3137500000000000e+02  7.1337384827485550e+00  -1.3242575047205554e+00  4.5715137576996689e-02
1.3175000000000000e+02  7.1350354071758932e+00  -1.3329607607553999e+00  4.5685790478243858e-02
1.3212500000000000e+02  7.1363058948783706e+00  -1.3416799245903199e+00  4.5656583158360076e-02
1.3250000000000000e+02  7.1375484764646719e+00  -1.3504164883718968e+00  4.5627512166025674e-02
1.3287500000000000e+02  7.1387660161290745e+00  -1.3591676281488159e+00  4.5598580830459035e-02
1.3325000000000000e+02  7.1399572969163048e+00  -1.3679345844712953e+00  4.5569785928593079e-02
1.3362500000000000e+02  7.1411237644533596e+00  -1.3767159458258318e+00  4.5541128286762850e-02
1.3400000000000000e+02  7.1422628369055943e+00  -1.3855143124770448e+00  4.5512602611626971e-02
1.3437500000000003e+02  7.1433777127871361e+00  -1.3943265265590670e+00  4.5484212153055807e-02
1.3475000000000000e+02  7.1444689703984814e+00  -1.4031520400224293e+00  4.5455956087907610e-02
1.3512500000000000e+02  7.1455330309910181e+00  -1.4119944465398868e+00  4.5427827662543926e-02
1.3550000000000003e+02  7.1465738151015978e+00  -1.4208498682094648e+00  4.5399830731751904e-02
1.3587500000000000e+02  7.1475912674687052e+00  -1.4297183879867794e+00  4.5371963356591813e-02
1.3625000000000000e+02  7.1485837086814943e+00  -1.4386017072914425e+00  4.5344221389597497e-02
1.3662500000000003e+02  7.1495534469909021e+00  -1.4474975539526813e+00  4.5316606024706725e-02
1.3700000000000000e+02  7.1504991051884641e+00  -1.4564073282533463e+00  4.5289113444307784e-02
1.3737500000000000e+02  7.1514212525085599e+00  -1.4653304908123967e+00  4.5261742382185617e-02
1.3775000000000003e+02  7.1523208327648611e+00  -1.4742661287748762e+00  4.5234491947937848e-02
1.3812500000000000e+02  7.1531985330846117e+00  -1.4832135849484658e+00  4.5207360825466218e-02
1.3850000000000000e+02  7.1540526039086592e+00  -1.4921746308849007e+00  4.5180344649186875e-02
1.3887500000000003e+02  7.1548854099094976e+00  -1.5011469372032864e+00  4.5153444060462206e-02
1.3925000000000000e+02  7.1556955044132158e+00  -1.5101319735782606e+00  4.5126655009782878e-02
1.3962500000000000e+02  7.1564844734558593e+00  -1.5191281865157684e+00  4.5099977024238729e-02
1.4000000000000000e+02  7.1572528113165665e+00  -1.5281351106959011e+00  4.5073408244582315e-02
1.4037500000000000e+02  7.1579992420582759e+00  -1.5371540456698303e+00  4.5046944758450731e-02
1.4075000000000000e+02  7.1587232637236493e+00  -1.5461855195073548e+00  4.5020583571584796e-02
1.4112500000000003e+02  7.1594302152233791e+00  -1.5552242362869730e+00  4.4994328028390367e-02
1.4150000000000000e+02  7.1601149492625380e+00  -1.5642753556658842e+00  4.4968169885629891e-02
1.4187500000000000e+02  7.1607789343911028e+00  -1.5733374408108283e+00  4.4942108179746733e-02
1.4225000000000000e+02  7.1614237943786279e+00  -1.5824088998335388e+00  4.4916141981646361e-02
1.4262500000000000e+02  7.1620480845468784e+00  -1.5914912007411095e+00  4.4890267110604828e-02
1.4300000000000000e+02  7.1626537102078558e+00  -1.6005824706995457e+00  4.4864482815200127e-02
1.4337500000000003e+02  7.1632410203219017e+00  -1.6096823888453171e+00  4.4838786669250202e-02
1.4375000000000000e+02  7.1638079899153970e+00  -1.6187930021011931e+00  4.4813173903997791e-02
1.4412500000000000e+02  7.1643566709681146e+00  -1.6279122910937707e+00  4.4787643754297279e-02
1.4450000000000000e+02  7.1648871722683261e+00  -1.6370401744754632e+00  4.4762193485387611e-02
1.4487500000000000e+02  7.1653992411950540e+00  -1.6461769314262789e+00  4.4736820014345889e-02
1.4525000000000000e+02  7.1658933425734022e+00  -1.6553221254510788e+00  4.4711520905660107e-02
1.4562500000000003e+02  7.1663683757051402e+00  -1.6644768818202547e+00  4.4686292287706583e-02
1.4600000000000000e+02  7.1668279279650147e+00  -1.6736376488284779e+00  4.4661134487612580e-02
1.4637500000000000e+02  7.1672717172053586e+00  -1.6828047348836650e+00  4.4636044248271313e-02
1.4675000000000000e+02  7.1676941929559996e+00  -1.6919837049424791e+00  4.4611013819937803e-02
1.4712500000000000e+02  7.1681031892313323e+00  -1.7011667699239119e+00  4.4586047024019776e-02
1.4750000000000000e+02  7.1684929082907294e+00  -1.7103597417144050e+00  4.4561135954344737e-02
1.4787500000000003e+02  7.1688703643471383e+00  -1.7195556484908252e+00  4.4536283468023165e-02
1.4825000000000000e+02  7.1692290564826200e+00  -1.7287610041761869e+00  4.4511481191821585e-02
1.4862500000000000e+02  7.1695718974380060e+00  -1.7379729294199966e+00  4.4486728534164070e-02
1.4900000000000000e+02  7.1698990553781137e+00  -1.7471912834844012e+00  4.4462022624355828e-02
1.4937500000000000e+02  7.1702093474791528e+00  -1.7564172739215569e+00  4.4437359545762063e-02
1.4975000000000000e+02  7.1705079107138685e+00  -1.7656458010207030e+00  4.4412740206410839e-02
1.5012500000000003e+02  7.1707908534866389e+00  -1.7748807756152440e+00  4.4388158579174178e-02
1.5050000000000000e+02  7.1710584780204609e+00  -1.7841219231828866e+00  4.4363611886718710e-02
1.5087500000000000e+02  7.1713110829542304e+00  -1.7933689727538540e+00  4.4339097341740831e-02
1.5125000000000000e+02  7.1715523942768380e+00  -1.8026182322142426e+00  4.4314614575673421e-02
1.5162500000000000e+02  7.1717757949834633e+00  -1.8118763335209533e+00  4.4290155869613143e-02
1.5200000000000000e+02  7.1719870934191396e+00  -1.8211375059197927e+00  4.4265722307764321e-02
1.5237500000000003e+02  7.1721854569200287e+00  -1.8304026075176196e+00  4.4241310263837104e-02
1.5275000000000000e+02  7.1723722117067750e+00  -1.8396703412988720e+00  4.4216917585654998e-02
1.5312500000000000e+02  7.1725430620787947e+00  -1.8489450227269368e+00  4.4192538421835514e-02
1.5350000000000000e+02  7.1727006009224068e+00  -1.8582240904122125e+00  4.4168171531033501e-02
1.5387500000000000e+02  7.1728488632171485e+00  -1.8675035428544065e+00  4.4143816481442624e-02
1.5425000000000000e+02  7.1729831063975098e+00  -1.8767881419221402e+00  4.4119467257242688e-02
1.5462500000000003e+02  7.1731039419458353e+00  -1.8860773042291012e+00  4.4095121319882677e-02
1.5500000000000000e+02  7.1732148098417596e+00  -1.8953676220710052e+00  4.4070777812534399e-02
1.5537500000000000e+02  7.1733140029865368e+00  -1.9046608268607104e+00  4.4046432734000593e-02
1.5575000000000000e+02  7.1734025150360079e+00  -1.9139559533644286e+00  4.4022083731439635e-02
1.5612500000000000e+02  7.1734793996649735e+00  -1.9232539734928400e+00  4.3997727336824298e-02
1.5650000000000000e+02  7.1735415362371082e+00  -1.9325580305759451e+00  4.3973358924209845e-02
1.5687500000000003e+02  7.1735987697144967e+00  -1.9418583203004069e+00  4.3948981131887346e-02
1.5725000000000000e+02  7.1736412373794805e+00  -1.9511647187497536e+00  4.3924585608306310e-02
1.5762500000000000e+02  7.1736755494084505e+00  -1.9604706516663986e+00  4.3900173142334416e-02
1.5800000000000000e+02  7.1737001519229366e+00  -1.9697776977198518e+00  4.3875740038397615e-02
1.5837500000000000e+02  7.1737104611528535e+00  -1.9790904618776031e+00  4.3851281146568631e-02
1.5875000000000000e+02  7.1737170523358236e+00  -1.9883984091119624e+00  4.3826799121724234e-02
1.5912500000000003e+02  7.1737108803305478e+00  -1.9977106002065139e+00  4.3802286583977987e-02
1.5950000000000000e+02  7.1737002906926532e+00  -2.0070187265577566e+00  4.3777744936889913e-02
1.5987500000000000e+02  7.1736733646503179e+00  -2.0163347198206281e+00  4.3753165669486838e-02
1.6025000000000000e+02  7.1736423189691729e+00  -2.0256464043826621e+00  4.3728552003927064e-02
1.6062500000000000e+02  7.1736074983989910e+00  -2.0349534624163499e+00  4.3703901320393167e-02
1.6100000000000000e+02  7.1735570657129513e+00  -2.0442677449738862e+00  4.3679205531405342e-02
1.6137500000000003e+02  7.1734999857889852e+00  -2.0535803239700430e+00  4.3654466176707839e-02
1.6175000000000000e+02  7.1734395011329841e+00  -2.0628879869832186e+00  4.3629682059966542e-02
1.6212500000000000e+02  7.1733654412264940e+00  -2.0722009208398737e+00  4.3604846179080128e-02
1.6250000000000000e+02  7.1732864957907063e+00  -2.0815104715724830e+00  4.3579959793045381e-02
1.6287500000000000e+02  7.1732044785590423e+00  -2.0908148538228981e+00  4.3555021096924690e-02
1.6325000000000000e+02  7.1731116075411050e+00  -2.1001218687957319e+00  4.3530024393239795e-02
1.6362500000000003e+02  7.1730116186048649e+00  -2.1094278110731803e+00  4.3504968821690172e-02
1.6400000000000000e+02  7.1729068030779111e+00  -2.1187304181461428e+00  4.3479852873037350e-02
1.6437500000000000e+02  7.1727971508009869e+00  -2.1280297267902508e+00  4.3454674137532408e-02
1.6475000000000000e+02  7.1726779971143388e+00  -2.1373304243047437e+00  4.3429428507738031e-02
1.6512500000000000e+02  7.1725603816619001e+00  -2.1466215071405408e+00  4.3404117783825094e-02
1.6550000000000000e+02  7.1724329294590854e+00  -2.1559143672579202e+00  4.3378735464549595e-02
1.6587500000000003e+02  7.1722949220707815e+00  -2.1652097494125071e+00  4.3353279145520930e-02
1.6625000000000000e+02  7.1721568873619646e+00  -2.1744971608172063e+00  4.3327750355715414e-02
1.6662500000000000e+02  7.1720166050631358e+00  -2.1837788463565393e+00  4.3302146061942250e-02
1.6700000000000000e+02  7.1718716473154895e+00  -2.1930572585174897e+00  4.3276463270947640e-02
1.6737500000000000e+02  7.1717185365835849e+00  -2.2023358988819446e+00  4.3250698761414345e-02
1.6775000000000000e+02  7.1715616837377976e+00  -2.2116103863791370e+00  4.3224851931437117e-02
1.6812500000000000e+02  7.1714050730112033e+00  -2.2208767659541362e+00  4.3198921975434131e-02
1.6850000000000000e+02  7.1712400090133039e+00  -2.2301437534414141e+00  4.3172904178562344e-02
1.6887500000000000e+02  7.1710781792446285e+00  -2.2393996955791633e+00  4.3146800134849929e-02
1.6925000000000000e+02  7.1709068264321694e+00  -2.2486573676290407e+00  4.3120604088800647e-02
1.6962500000000000e+02  7.1707342093861062e+00  -2.2579085425313030e+00  4.3094316618358795e-02
1.7000000000000000e+02  7.1705654735783790e+00  -2.2671481041269588e+00  4.3067937266862595e-02
1.7037500000000000e+02  7.1703824696023721e+00  -2.2763942172035936e+00  4.3041459165207012e-02
1.7075000000000000e+02  7.1702053987932937e+00  -2.2856267186934502e+00  4.3014886116481507e-02
1.7112500000000000e+02  7.1700211114235843e+00  -2.2948587768874744e+00  4.2988212816081353e-02
1.7150000000000000e+02  7.1698350473480836e+00  -2.3040849812599453e+00  4.2961439033268448e-02
1.7187500000000000e+02  7.1696562675336040e+00  -2.3132963017028909e+00  4.2934565346668861e-02
1.7225000000000000e+02  7.1694675271317374e+00  -2.3225100000103938e+00  4.2907585799165072e-02
1.7262500000000003e+02  7.1692840153763564e+00  -2.3317109208700710e+00  4.2880502542333540e-02
1.7300000000000000e+02  7.1690890192178172e+00  -2.3409157950507691e+00  4.2853310053864530e-02
1.7337500000000000e+02  7.1689099595653918e+00  -2.3500972408285952e+00  4.2826013182675086e-02
1.7375000000000000e+02  7.1687179695383785e+00  -2.3592841372602917e+00  4.2798603824584024e-02
1.7412500000000000e+02  7.1685307565894965e+00  -2.3684588110552101e+00  4.2771084550959494e-02
1.7450000000000000e+02  7.1683410711219837e+00  -2.3776285343527928e+00  4.2743452367438838e-02
1.7487500000000003e+02  7.1681525884951309e+00  -2.3867896591896427e+00  4.2715706699051469e-02
1.7525000000000000e+02  7.1679702948749684e+00  -2.3959372271031127e+00  4.2687847205919074e-02
1.7562500000000000e+02  7.1677760305095184e+00  -2.4050894162510450e+00  4.2659868994551993e-02
1.7600000000000000e+02  7.1676069383649486e+00  -2.4142091237775918e+00  4.2631778030272120e-02
1.7637500000000000e+02  7.1674088989284845e+00  -2.4233504741368490e+00  4.2603562792138221e-02
1.7675000000000000e+02  7.1672326621173781e+00  -2.4324627619653740e+00  4.2575231643346569e-02
1.7712500000000003e+02  7.1670629047864729e+00  -2.4415613299385770e+00  4.2546780490694470e-02
1.7750000000000000e+02  7.1668748461654559e+00  -2.4506709758674385e+00  4.2518203972859839e-02
1.7787500000000000e+02  7.1667038152608020e+00  -2.4597564081288374e+00  4.2489507151208347e-02
1.7825000000000000e+02  7.1665423789013456e+00  -2.4688250824192775e+00  4.2460687610165457e-02
1.7862500000000000e+02  7.1663572542351419e+00  -2.4779102966277082e+00  4.2431739094476506e-02
1.7900000000000000e+02  7.1661802002941091e+00  -2.4869803269479580e+00  4.2402665824711493e-02
1.7937500000000003e+02  7.1660285281977014e+00  -2.4960178921016691e+00  4.2373469378351569e-02
1.7975000000000000e+02  7.1658720886374487e+00  -2.5050531576540283e+00  4.2344144298761877e-02
1.8012500000000000e+02  7.1657173768453948e+00  -2.5140796553314799e+00  4.2314690768790873e-02
1.8050000000000000e+02  7.1655662742698398e+00  -2.5230955291760013e+00  4.2285108279632458e-02
1.8087500000000000e+02  7.1654308510659881e+00  -2.5320887368769194e+00  4.2255397655905233e-02
1.8125000000000000e+02  7.1652726186195270e+00  -2.5410977825337344e+00  4.2225553185238573e-02
1.8162500000000003e+02  7.1651444548055752e+00  -2.5500698257250667e+00  4.2195580991416008e-02
1.8200000000000000e+02  7.1650062098954042e+00  -2.5590450314751370e+00  4.2165475376684858e-02
1.8237500000000000e+02  7.1648976168653240e+00  -2.5679837001688286e+00  4.2135240472076105e-02
1.8275000000000000e+02  7.1647668745788238e+00  -2.5769376464500517e+00  4.2104869684876478e-02
1.8312500000000000e+02  7.1646630401174107e+00  -2.5858578479386054e+00  4.2074368063050718e-02
1.8350000000000000e+02  7.1645578992005223e+00  -2.5947725375869899e+00  4.2043731952319134e-02
1.8387500000000003e+02  7.1644526081250923e+00  -2.6036805838411050e+00  4.2012961093965732e-02
1.8425000000000000e+02  7.1643773379413789e+00  -2.6125518452930168e+00  4.1982058050342906e-02
1.8462500000000000e+02  7.1642817681907802e+00  -2.6214366577994954e+00  4.1951017497691312e-02
1.8500000000000000e+02  7.1642183346843122e+00  -2.6302826186016040e+00  4.1919844085041104e-02
1.8537500000000000e+02  7.1641351362483023e+00  -2.6391416445450817e+00  4.1888532739017451e-02
1.8575000000000000e+02  7.1640915207910396e+00  -2.6479544209301702e+00  4.1857088410424056e-02
1.8612500000000003e+02  7.1640157838210099e+00  -2.6567926655523282e+00  4.1825504769835035e-02
1.8650000000000003e+02  7.1639772699715607e+00  -2.6655870676626350e+00  4.1793787357074431e-02
1.8687500000000000e+02  7.1639570330634221e+00  -2.6743565942790726e+00  4.1761934313128031e-02
1.8725000000000000e+02  7.1639297285620804e+00  -2.6831266103884768e+00  4.1729943594630239e-02
1.8762500000000000e+02  7.1639110154047971e+00  -2.6918814827897410e+00  4.1697816306058268e-02
1.8800000000000000e+02  7.1638977029161879e+00  -2.7006244253694613e+00  4.1665552161353148e-02
1.8837499999999997e+02  7.1639115114746872e+00  -2.7093337436018370e+00  4.1633152522330963e-02
1.8874999999999997e+02  7.1639341719771483e+00  -2.7180277278805662e+00  4.1600616127986316e-02
1.8912500000000000e+02  7.1639400077735953e+00  -2.7267320757306570e+00  4.1567941517983077e-02
1.8950000000000000e+02  7.1639829193032609e+00  -2.7353929152858121e+00  4.1535131942768380e-02
1.8987500000000000e+02  7.1640419816347078e+00  -2.7440311924492038e+00  4.1502186172101586e-02
1.9025000000000000e+02  7.1640995403382384e+00  -2.7526645832188072e+00  4.1469103394157263e-02
1.9062500000000003e+02  7.1641678887243101e+00  -2.7612808184173048e+00  4.1435884435762793e-02
1.9100000000000003e+02  7.1642770714925019e+00  -2.7698498785091443e+00  4.1402530858104934e-02
1.9137500000000000e+02  7.1643872651561802e+00  -2.7784116066809759e+00  4.1369040929773511e-02
1.9175000000000000e+02  7.1644888318703064e+00  -2.7869756630393807e+00  4.1335414563333880e-02
1.9212500000000000e+02  7.1646270468309901e+00  -2.7954967981412464e+00  4.1301653947720750e-02
1.9250000000000000e+02  7.1647596687697055e+00  -2.8040172730993906e+00  4.1267757646796674e-02
1.9287499999999997e+02  7.1649067403958577e+00  -2.8125170690245440e+00  4.1233726806865004e-02
1.9324999999999997e+02  7.1650673281256347e+00  -2.8209971418735496e+00  4.1199561745693378e-02
1.9362500000000000e+02  7.1652719465979331e+00  -2.8294270008397193e+00  4.1165263802980287e-02
1.9400000000000000e+02  7.1654559692929585e+00  -2.8378712914590705e+00  4.1130831303612718e-02
1.9437500000000000e+02  7.1657298229619704e+00  -2.8462196142135596e+00  4.1096267962719694e-02
1.9475000000000000e+02  7.1659146734744823e+00  -2.8546508175035270e+00  4.1061569150844489e-02
1.9512500000000003e+02  7.1661402046000058e+00  -2.8630352452781187e+00  4.1026739082742035e-02
1.9550000000000003e+02  7.1663727303467395e+00  -2.8714066040603057e+00  4.0991777366970183e-02
1.9587500000000000e+02  7.1668330303836667e+00  -2.8795441432063154e+00  4.0956689354885216e-02
1.9625000000000000e+02  7.1670446680832853e+00  -2.8879243052897379e+00  4.0921465081173600e-02
1.9662500000000000e+02  7.1674272115404758e+00  -2.8961275573531977e+00  4.0886114151919152e-02
1.9700000000000000e+02  7.1678337713639237e+00  -2.9043008055698660e+00  4.0850633988487026e-02
1.9737499999999997e+02  7.1680694159531546e+00  -2.9126389984181493e+00  4.0815022088291589e-02
1.9774999999999997e+02  7.1684726560321241e+00  -2.9208036549817309e+00  4.0779284853734707e-02
1.9812500000000000e+02  7.1690465612148717e+00  -2.9287917261382743e+00  4.0743422462094905e-02
1.9850000000000000e+02  7.1694918285674714e+00  -2.9369025298623024e+00  4.0707431370057626e-02
1.9887500000000000e+02  7.1698102936198298e+00  -2.9451342525625228e+00  4.0671312843325341e-02
1.9925000000000000e+02  7.1701969579938076e+00  -2.9532919172139653e+00  4.0635070126975356e-02
1.9962500000000003e+02  7.1708374299703967e+00  -2.9611899386914464e+00  4.0598705585806825e-02
2.0000000000000003e+02  7.1714049174894665e+00  -2.9691551250246588e+00  4.0562216588907782e-02
2.0037500000000000e+02  7.1720848252178611e+00  -2.9770020946863571e+00  4.0525605643499829e-02
2.0075000000000000e+02  7.1723219809273759e+00  -2.9852860350351400e+00  4.0488869609528577e-02
2.0112500000000000e+02  7.1729677705856245e+00  -2.9931555893302599e+00  4.0452015574916886e-02
2.0150000000000000e+02  7.1735139233837222e+00  -3.0011190438964079e+00  4.0415040849185978e-02
2.0187499999999997e+02  7.1743781536909443e+00  -3.0087587077708839e+00  4.0377948524789438e-02
2.0225000000000000e+02  7.1749050492372595e+00  -3.0167300091845153e+00  4.0340736351795643e-02
2.0262500000000000e+02  7.1760345765402827e+00  -3.0240930070459680e+00  4.0303409135333930e-02
2.0300000000000000e+02  7.1769068954794077e+00  -3.0317075570243412e+00  4.0265964428384399e-02
2.0337500000000000e+02  7.1777769755451954e+00  -3.0393187111136646e+00  4.0228404292025802e-02
2.0375000000000000e+02  7.1787011320803504e+00  -3.0468701741423150e+00  4.0190729895049113e-02
2.0412500000000003e+02  7.1796180114913843e+00  -3.0544233193775692e+00  4.0152942143680675e-02
2.0450000000000003e+02  7.1806850575697645e+00  -3.0618207231313175e+00  4.0115042314422526e-02
2.0487500000000000e+02  7.1798683724577739e+00  -3.0710963004375147e+00  4.0077029514653403e-02
2.0525000000000000e+02  7.1831656162970114e+00  -3.0762524176587567e+00  4.0038910225755467e-02
2.0562500000000000e+02  7.1855254111123124e+00  -3.0823404656890503e+00  4.0000680473177737e-02
2.0600000000000000e+02  7.1841674012670991e+00  -3.0921408197651985e+00  3.9962341429207467e-02
2.0637499999999997e+02  7.1775459573900315e+00  -3.1071991301744251e+00  3.9923895591769266e-02
2.0675000000000000e+02  7.2219148315442601e+00  -3.0712616697940200e+00  3.9885348046144610e-02
2.0712500000000000e+02  7.1592488033053581e+00  -3.1423536654268514e+00  3.9846691204933997e-02
2.0750000000000000e+02  1.1935532719101495e+01  1.6255098574320872e+00  3.9807934704639877e-02
2.0787500000000000e+02  7.2179933693736276e+00  -3.1004448000960205e+00  3.9769074233581753e-02
2.0825000000000000e+02  7.1753247842564312e+00  -3.1515231499572725e+00  3.9730111249497740e-02
2.0862500000000003e+02  7.1797398277777189e+00  -3.1555125112853752e+00  3.9691051697823561e-02
2.0900000000000003e+02  7.1728736756095470e+00  -3.1707777207287058e+00  3.9651891725661914e-02
2.0937500000000000e+02  7.1671958697763563e+00  -3.1848492571415892e+00  3.9612634187265135e-02
2.0975000000000000e+02  7.1601854952296531e+00  -3.2002480520913226e+00  3.9573278808539378e-02
2.1012500000000000e+02  7.1575289402322184e+00  -3.2112877416370371e+00  3.9533831695365083e-02
2.1050000000000000e+02  7.1538769620538227e+00  -3.2233175822886264e+00  3.9494290428969972e-02
2.1087499999999997e+02  7.1494236217281193e+00  -3.2361435307034783e+00  3.9454655807501474e-02
2.1125000000000000e+02  7.1461680200169555e+00  -3.2477665081254505e+00  3.9414932455065277e-02
2.1162500000000000e+02  7.1416804229061759e+00  -3.2606162613426339e+00  3.9375117132515951e-02
2.1200000000000000e+02  7.1368708292223237e+00  -3.2737828108356664e+00  3.9335212325721562e-02
2.1237500000000000e+02  7.1330566903539783e+00  -3.2859487276451258e+00  3.9295223396486556e-02
2.1275000000000003e+02  7.1290250259201926e+00  -3.2983270062415500e+00  3.9255148471548311e-02
2.1312500000000003e+02  7.1238252620232565e+00  -3.3118682332809346e+00  3.9214984474136350e-02
2.1350000000000000e+02  7.1194775700746442e+00  -3.3245522640756908e+00  3.9174740943998657e-02
2.1387500000000000e+02  7.1147526124346436e+00  -3.3376084478352297e+00  3.9134413920247031e-02
2.1425000000000000e+02  7.1101609327249022e+00  -3.3505262611583762e+00  3.9094007337318444e-02
2.1462500000000000e+02  7.1056167208539058e+00  -3.3633915311586162e+00  3.9053522326075896e-02
2.1500000000000003e+02  7.1007731817099193e+00  -3.3765510675768722e+00  3.9012957858838009e-02
2.1537499999999997e+02  7.0959343558001899e+00  -3.3897008491804828e+00  3.8972317325785884e-02
2.1575000000000000e+02  7.0910320764896593e+00  -3.4029090591338993e+00  3.8931601634572835e-02
2.1612500000000000e+02  7.0863396048163487e+00  -3.4159024561141242e+00  3.8890814837589847e-02
2.1650000000000000e+02  7.0813700997054951e+00  -3.4291678933321803e+00  3.8849953847745859e-02
2.1687500000000000e+02  7.0763230743036534e+00  -3.4425058762678566e+00  3.8809021838075719e-02
2.1725000000000003e+02  7.0711681421982151e+00  -3.4559468076161899e+00  3.8768019826935174e-02
2.1762500000000003e+02  7.0660501303434025e+00  -3.4693458788387108e+00  3.8726951026357793e-02
2.1800000000000003e+02  7.0608781550613262e+00  -3.4827939890956374e+00  3.8685815878092070e-02
2.1837500000000000e+02  7.0554385390862260e+00  -3.4965048289558984e+00  3.8644612694156387e-02
2.1875000000000000e+02  7.0502523100054315e+00  -3.5099573948415204e+00  3.8603350610983266e-02
2.1912500000000000e+02  7.0448031088770149e+00  -3.5236680542567815e+00  3.8562023357959115e-02
2.1949999999999997e+02  7.0392607227759241e+00  -3.5374670387730855e+00  3.8520634869129045e-02
2.1987499999999997e+02  7.0335959961969818e+00  -3.5513835194162668e+00  3.8479186017995277e-02
2.2025000000000000e+02  7.0279568076312593e+00  -3.5652696363890275e+00  3.8437681064053611e-02
2.2062500000000000e+02  7.0221233889114627e+00  -3.5793451697093364e+00  3.8396117246774095e-02
2.2100000000000000e+02  7.0163379774132038e+00  -3.5933679025406500e+00  3.8354500993167645e-02
2.2137500000000000e+02  7.0104781617020180e+00  -3.6074602597875405e+00  3.8312831412773460e-02
2.2175000000000003e+02  7.0044441470673844e+00  -3.6217220496571949e+00  3.8271107655452143e-02
