# q = 1.8153361174005404e+01 m1 = 9.4778984268530453e-01 m2 = 5.2210157314695332e-02 chi1 = 9.3312665151825458e-01 chi2 = 4.2824963485893319e-02 lm = 22 Mtot = 2.7453213230060959e+02 distance = 7.9370079055085316e+03
#fHz   cexp_i_alpha(re im)   cexp_i_epsilon(re im)    cexp_i_betah(re im)
1.3250000000000000e+01  -2.9529477492303666e+00  -7.2843632445681763e+00  3.9583096827772862e-02
1.3375000000000000e+01  -2.8361225161322929e+00  -7.1749578065793189e+00  4.0132032995741834e-02
1.3500000000000002e+01  -2.7195169048526227e+00  -7.0657616796976459e+00  4.0623525897241032e-02
1.3625000000000000e+01  -2.6034042367242165e+00  -6.9570464441248987e+00  4.1052182412221874e-02
1.3750000000000000e+01  -2.4880326128026171e+00  -6.8490583101423548e+00  4.1414345583745397e-02
1.3875000000000000e+01  -2.3736250248166453e+00  -6.7420182939776687e+00  4.1707878589143377e-02
1.4000000000000002e+01  -2.2603805952498259e+00  -6.6361235160784542e+00  4.1931962140786865e-02
1.4124999999999998e+01  -2.1484764550849897e+00  -6.5315491295421495e+00  4.2086909104059420e-02
1.4250000000000000e+01  -2.0380699032654981e+00  -6.4284505226376538e+00  4.2173998629085191e-02
1.4375000000000000e+01  -1.9293005904284179e+00  -6.3269655383697456e+00  4.2195327873316292e-02
1.4500000000000000e+01  -1.8222926051253940e+00  -6.2272165894910252e+00  4.2153679453090377e-02
1.4625000000000002e+01  -1.7171563803013308e+00  -6.1293125872040157e+00  4.2052406563649426e-02
1.4750000000000000e+01  -1.6139903911798121e+00  -6.0333506551286487e+00  4.1895328963743657e-02
1.4875000000000000e+01  -1.5128825910386834e+00  -5.9394175758879966e+00  4.1686644966140746e-02
1.5000000000000000e+01  -1.4139116338905813e+00  -5.8475910194917580e+00  4.1430850914090177e-02
1.5125000000000002e+01  -1.3171477919772066e+00  -5.7579404628083211e+00  4.1132673813721432e-02
1.5249999999999998e+01  -1.2226537246722955e+00  -5.6705279560863717e+00  4.0797007734291825e-02
1.5375000000000000e+01  -1.1304849127497671e+00  -5.5854085526261237e+00  4.0428861504641013e-02
1.5500000000000000e+01  -1.0406899412549568e+00  -5.5026305839517615e+00  4.0033309332375665e-02
1.5625000000000000e+01  -9.5331052753160495e-01  -5.4222356784396135e+00  3.9615447623213847e-02
1.5750000000000002e+01  -8.6838127953526212e-01  -5.3442585091240780e+00  3.9180355936095201e-02
1.5875000000000000e+01  -7.8592939893359492e-01  -5.2687264840818129e+00  3.8733059345958679e-02
1.6000000000000000e+01  -7.0597401818290573e-01  -5.1956590713715567e+00  3.8278495092709093e-02
1.6125000000000000e+01  -6.2852549579524264e-01  -5.1250670808028236e+00  3.7821479664079123e-02
1.6250000000000000e+01  -5.5358447093249397e-01  -5.0569517055876769e+00  3.7366677398060218e-02
1.6375000000000000e+01  -4.8114093174368011e-01  -4.9913035770218297e+00  3.6918570024566055e-02
1.6500000000000000e+01  -4.1117311232506015e-01  -4.9281016488676492e+00  3.6481426669158885e-02
1.6625000000000000e+01  -3.4364642310475557e-01  -4.8673121153945234e+00  3.6059273987196876e-02
1.6750000000000000e+01  -2.7851252760513656e-01  -4.8088874759593834e+00  3.5655867755577421e-02
1.6875000000000000e+01  -2.1570853510211951e-01  -4.7527657164723927e+00  3.5274665292979568e-02
1.7000000000000000e+01  -1.5515641874815267e-01  -4.6988697172269580e+00  3.4918798631761991e-02
1.7125000000000000e+01  -9.6762849777223048e-02  -4.6471070771783101e+00  3.4591051051713187e-02
1.7250000000000000e+01  -4.0419434747270166e-02  -4.5973703422415371e+00  3.4293836447339666e-02
1.7375000000000000e+01  1.3996593333637009e-02  -4.5495376885172565e+00  3.4029181064612016e-02
1.7500000000000000e+01  6.6621056187166072e-02  -4.5034742335171938e+00  3.3798712708337571e-02
1.7625000000000000e+01  1.1760103194712102e-01  -4.4590338280259285e+00  3.3603654166778567e-02
1.7750000000000000e+01  1.6709257653461973e-01  -4.4160613291463333e+00  3.3444820958683452e-02
1.7875000000000000e+01  2.1525795305035744e-01  -4.3743953657057197e+00  3.3322628797641529e-02
1.8000000000000000e+01  2.6226259469129154e-01  -4.3338713710445447e+00  3.3237106565562592e-02
1.8125000000000000e+01  3.0827191706910839e-01  -4.2943247670939275e+00  3.3187914949546149e-02
1.8250000000000000e+01  3.5344812689165961e-01  -4.2555941526565473e+00  3.3174371396998879e-02
1.8375000000000000e+01  3.9794719845040816e-01  -4.2175243244398972e+00  3.3195479915406188e-02
1.8500000000000000e+01  4.4191617710599607e-01  -4.1799689716644899e+00  3.3249966946650882e-02
1.8625000000000000e+01  4.8549091239183206e-01  -4.1427929414981612e+00  3.3336316276204342e-02
1.8750000000000000e+01  5.2879431905736674e-01  -4.1058739770408206e+00  3.3452809312165765e-02
1.8875000000000000e+01  5.7193519020949068e-01  -4.0691039035884655e+00  3.3597563693629214e-02
1.9000000000000000e+01  6.1500754972976024e-01  -4.0323892759014477e+00  3.3768570937900561e-02
1.9125000000000000e+01  6.5809055406841477e-01  -3.9956514765857611e+00  3.3963734330495106e-02
1.9250000000000000e+01  7.0124883737386789e-01  -3.9588263713832963e+00  3.4180903057577462e-02
1.9375000000000000e+01  7.4453317236053884e-01  -3.9218636486668648e+00  3.4417901560986078e-02
1.9500000000000000e+01  7.8798147414109221e-01  -3.8847258165060081e+00  3.4672558180129195e-02
1.9625000000000000e+01  8.3162002104658161e-01  -3.8473869830662442e+00  3.4942730046765853e-02
1.9750000000000000e+01  8.7546469223135537e-01  -3.8098316198285436e+00  3.5226321666733076e-02
1.9875000000000000e+01  9.1952235708911534e-01  -3.7720531737401810e+00  3.5521302849410984e-02
2.0000000000000000e+01  9.6379213869973501e-01  -3.7340528047742767e+00  3.5825720711301599e-02
2.0125000000000000e+01  1.0082667570870498e+00  -3.6958380445702916e+00  3.6137711251517671e-02
2.0250000000000004e+01  1.0529336222139176e+00  -3.6574217044014614e+00  3.6455505324406765e-02
2.0375000000000000e+01  1.0977760065094586e+00  -3.6188207048026699e+00  3.6777435019296506e-02
2.0500000000000000e+01  1.1427739357095441e+00  -3.5800551858795497e+00  3.7101935550811510e-02
2.0625000000000000e+01  1.1879050231651926e+00  -3.5411476745322208e+00  3.7427546522429071e-02
2.0750000000000000e+01  1.2331452845941833e+00  -3.5021222719138465e+00  3.7752912205334624e-02
2.0875000000000000e+01  1.2784696290839306e+00  -3.4630041631734700e+00  3.8076779115732720e-02
2.1000000000000000e+01  1.3238524384660024e+00  -3.4238190400891950e+00  3.8397994107683665e-02
2.1125000000000000e+01  1.3692680187391286e+00  -3.3845926514126941e+00  3.8715501090142740e-02
2.1250000000000000e+01  1.4146908257984472e+00  -3.3453505777956791e+00  3.9028337204893376e-02
2.1375000000000004e+01  1.4600959009824133e+00  -3.3061177989346393e+00  3.9335628707627426e-02
2.1500000000000000e+01  1.5054588756556162e+00  -3.2669186888521877e+00  3.9636586941153552e-02
2.1625000000000000e+01  1.5507563292305355e+00  -3.2277766607698393e+00  3.9930503341487726e-02
2.1750000000000000e+01  1.5959657591786898e+00  -3.1887141972890638e+00  4.0216745391035452e-02
2.1875000000000000e+01  1.6410657380811458e+00  -3.1497526952110855e+00  4.0494751698678659e-02
2.2000000000000000e+01  1.6860359154463982e+00  -3.1109124645338495e+00  4.0764027885907897e-02
2.2125000000000000e+01  1.7308570625337936e+00  -3.0722126849185849e+00  4.1024142128520777e-02
2.2250000000000000e+01  1.7755110901785005e+00  -3.0336713890469049e+00  4.1274720739031087e-02
2.2375000000000000e+01  1.8199810153721252e+00  -2.9953054968488479e+00  4.1515444443937101e-02
2.2500000000000000e+01  1.8642509428057386e+00  -2.9571308349319727e+00  4.1746044579667352e-02
2.2625000000000000e+01  1.9083060803094187e+00  -2.9191621224446411e+00  4.1966298426894616e-02
2.2750000000000000e+01  1.9521325814989510e+00  -2.8814131281813782e+00  4.2176028487809852e-02
2.2875000000000000e+01  1.9957177009136187e+00  -2.8438965180026683e+00  4.2375094512270610e-02
2.3000000000000000e+01  2.0390495386889036e+00  -2.8066241089710076e+00  4.2563395721171925e-02
2.3125000000000000e+01  2.0821171574990451e+00  -2.7696067545782790e+00  4.2740863505403570e-02
2.3250000000000000e+01  2.1249104541815402e+00  -2.7328544729981443e+00  4.2907460902003550e-02
2.3375000000000000e+01  2.1674201065032594e+00  -2.6963765008274088e+00  4.3063180642754564e-02
2.3500000000000000e+01  2.2096375906747552e+00  -2.6601812767133381e+00  4.3208040132628835e-02
2.3625000000000004e+01  2.2515550713670129e+00  -2.6242765512040487e+00  4.3342081866187536e-02
2.3749999999999996e+01  2.2931653869582376e+00  -2.5886694022242329e+00  4.3465370220518627e-02
2.3874999999999996e+01  2.3344620161316207e+00  -2.5533662689711054e+00  4.3577988798289023e-02
2.4000000000000000e+01  2.3754390156992926e+00  -2.5183730142419565e+00  4.3680039842907338e-02
2.4125000000000000e+01  2.4160909879634174e+00  -2.4836949574596057e+00  4.3771642389398381e-02
2.4250000000000000e+01  2.4564130569525062e+00  -2.4493368988604187e+00  4.3852929481333444e-02
2.4375000000000000e+01  2.4964008096909103e+00  -2.4153031782455248e+00  4.3924049042600499e-02
2.4500000000000000e+01  2.5360502939722993e+00  -2.3815976777465124e+00  4.3985159035182825e-02
2.4625000000000000e+01  2.5753579554241566e+00  -2.3482238846394128e+00  4.4036430117788974e-02
2.4750000000000004e+01  2.6143206310778426e+00  -2.3151848981790297e+00  4.4078041183717519e-02
2.4874999999999996e+01  2.6529355077705574e+00  -2.2824834711996784e+00  4.4110181061564481e-02
2.5000000000000004e+01  2.6912001057725652e+00  -2.2501220267089250e+00  4.4133044687700289e-02
2.5125000000000000e+01  2.7291122480270724e+00  -2.2181026886803625e+00  4.4146834807309694e-02
2.5250000000000000e+01  2.7666700390630261e+00  -2.1864273032371644e+00  4.4151758801185353e-02
2.5375000000000000e+01  2.8038718485907310e+00  -2.1550974551661839e+00  4.4148030955606515e-02
2.5500000000000000e+01  2.8407162804170483e+00  -2.1241144989298917e+00  4.4135867322915870e-02
2.5625000000000000e+01  2.8772021690641343e+00  -2.0934795622297453e+00  4.4115489708657862e-02
2.5749999999999996e+01  2.9133285448804207e+00  -2.0631935807244983e+00  4.4087121125471564e-02
2.5874999999999996e+01  2.9490946367854214e+00  -2.0332572954780885e+00  4.4050988399513574e-02
2.5999999999999996e+01  2.9844998375207341e+00  -2.0036712874885136e+00  4.4007318973268171e-02
2.6125000000000000e+01  3.0195437116400505e+00  -1.9744359698993319e+00  4.3956342838808816e-02
2.6250000000000000e+01  3.0542259564562935e+00  -1.9455516267457240e+00  4.3898289645924522e-02
2.6375000000000000e+01  3.0885464185043876e+00  -1.9170183967401260e+00  4.3833390683402328e-02
2.6499999999999996e+01  3.1225050604608304e+00  -1.8888363060721838e+00  4.3761876739989262e-02
2.6624999999999996e+01  3.1561019533974051e+00  -1.8610052761218445e+00  4.3683978153231127e-02
2.6749999999999996e+01  3.1893372839188512e+00  -1.8335251164235207e+00  4.3599925377410212e-02
2.6874999999999996e+01  3.2222113193151900e+00  -1.8063955591753116e+00  4.3509947307773397e-02
2.6999999999999996e+01  3.2547244212970856e+00  -1.7796162456477240e+00  4.3414272163529881e-02
2.7124999999999996e+01  3.2868770414488333e+00  -1.7531867306772000e+00  4.3313127205162553e-02
2.7250000000000000e+01  3.3186696828367817e+00  -1.7271065206523604e+00  4.3206737299696735e-02
2.7375000000000000e+01  3.3501029319477427e+00  -1.7013750418720939e+00  4.3095326214251169e-02
2.7499999999999993e+01  3.3811773971461996e+00  -1.6759917014391310e+00  4.2979114585819704e-02
2.7624999999999996e+01  3.4118938043746772e+00  -1.6509557924713274e+00  4.2858322900066623e-02
2.7749999999999996e+01  3.4422528586364320e+00  -1.6262666311938592e+00  4.2733167332634124e-02
2.7874999999999996e+01  3.4722553826819329e+00  -1.6019234195710541e+00  4.2603863625726615e-02
2.7999999999999996e+01  3.5019021604112481e+00  -1.5779254003042547e+00  4.2470623027542398e-02
2.8124999999999996e+01  3.5311940783833977e+00  -1.5542717166453941e+00  4.2333655743473239e-02
2.8249999999999996e+01  3.5601320266703054e+00  -1.5309615105051897e+00  4.2193168547566426e-02
2.8375000000000000e+01  3.5887169303427990e+00  -1.5079938912044013e+00  4.2049365515205370e-02
2.8500000000000000e+01  3.6169497136290394e+00  -1.4853679709001351e+00  4.1902447396849896e-02
2.8624999999999993e+01  3.6448313960461967e+00  -1.4630827692883153e+00  4.1752613138692718e-02
2.8749999999999996e+01  3.6723629283485471e+00  -1.4411373760247779e+00  4.1600057268133622e-02
2.8874999999999996e+01  3.6995454057368926e+00  -1.4195307394361447e+00  4.1444972958009620e-02
2.8999999999999996e+01  3.7263797888645085e+00  -1.3982619428306711e+00  4.1287548283205765e-02
2.9124999999999996e+01  3.7528671800667714e+00  -1.3773299307515510e+00  4.1127969737635196e-02
2.9249999999999996e+01  3.7790086571135726e+00  -1.3567336735958859e+00  4.0966420102398066e-02
2.9374999999999996e+01  3.8048052967253483e+00  -1.3364721442391549e+00  4.0803078832475692e-02
2.9500000000000000e+01  3.8302582569558163e+00  -1.3165442363041433e+00  4.0638122686351259e-02
2.9625000000000000e+01  3.8553686297694529e+00  -1.2969489101772340e+00  4.0471724540393751e-02
2.9749999999999993e+01  3.8801375637277991e+00  -1.2776850713358683e+00  4.0304054371051209e-02
2.9874999999999996e+01  3.9045662451684651e+00  -1.2587515889069913e+00  4.0135278985647144e-02
2.9999999999999996e+01  3.9286558615093101e+00  -1.2401473319544176e+00  3.9965561806570661e-02
3.0124999999999996e+01  3.9524075663448714e+00  -1.2218712040074911e+00  3.9795062846900195e-02
3.0249999999999996e+01  3.9758226330433049e+00  -1.2039219906913279e+00  3.9623939188243432e-02
3.0374999999999996e+01  3.9989022689762850e+00  -1.1862985438260067e+00  3.9452344395523704e-02
3.0499999999999996e+01  4.0216477755570477e+00  -1.1689996226599244e+00  3.9280428898349359e-02
3.0625000000000000e+01  4.0440603872970531e+00  -1.1520240533872004e+00  3.9108339794004070e-02
3.0750000000000000e+01  4.0661414479986231e+00  -1.1353705543335662e+00  3.8936220982410036e-02
3.0874999999999996e+01  4.0878922897019550e+00  -1.1190378559272958e+00  3.8764213094652770e-02
3.0999999999999996e+01  4.1093143069647944e+00  -1.1030246269432418e+00  3.8592453456719022e-02
3.1124999999999996e+01  4.1304088517713105e+00  -1.0873295786776689e+00  3.8421076318101897e-02
3.1249999999999996e+01  4.1511773730318193e+00  -1.0719513264841183e+00  3.8250212585009262e-02
3.1374999999999996e+01  4.1716213647775815e+00  -1.0568884410796691e+00  3.8079989860537226e-02
3.1499999999999996e+01  4.1917423235507378e+00  -1.0421394907515218e+00  3.7910532651688651e-02
3.1625000000000000e+01  4.2115417718741979e+00  -1.0277030180048952e+00  3.7741962374004623e-02
3.1750000000000000e+01  4.2310212794945352e+00  -1.0135775184123497e+00  3.7574397291615630e-02
3.1875000000000000e+01  4.2501825623217657e+00  -9.9976134233428082e-01  3.7407951853180813e-02
3.1999999999999996e+01  4.2690272586830629e+00  -9.8625291691986927e-01  3.7242738095918139e-02
3.2124999999999993e+01  4.2875570730528922e+00  -9.7305060339973704e-01  3.7078864905690748e-02
3.2249999999999993e+01  4.3057738877440634e+00  -9.6015258612472998e-01  3.6916437039526066e-02
3.2375000000000000e+01  4.3236794986507139e+00  -9.4755713483777049e-01  3.6755557255923964e-02
3.2500000000000000e+01  4.3412758292699225e+00  -9.3526239214702089e-01  3.6596324675916184e-02
3.2625000000000000e+01  4.3585648552567369e+00  -9.2326644836182847e-01  3.6438835423614542e-02
3.2750000000000000e+01  4.3755486925688265e+00  -9.1156725390139215e-01  3.6283181736434841e-02
3.2875000000000000e+01  4.3922293720039969e+00  -9.0016284313801975e-01  3.6129454434339639e-02
3.3000000000000000e+01  4.4086091606496236e+00  -8.8905101511680984e-01  3.5977739493775182e-02
3.3124999999999993e+01  4.4246903321004813e+00  -8.7822956169522737e-01  3.5828120578935044e-02
3.3249999999999993e+01  4.4404752123988702e+00  -8.6769622187995799e-01  3.5680678695709317e-02
3.3374999999999993e+01  4.4559662903199015e+00  -8.5744857222606452e-01  3.5535490778550782e-02
3.3500000000000000e+01  4.4711661144915844e+00  -8.4748412897722192e-01  3.5392631026224620e-02
3.3625000000000000e+01  4.4860772729708591e+00  -8.3780036832457849e-01  3.5252171364227362e-02
3.3750000000000000e+01  4.5007025286248403e+00  -8.2839459186141706e-01  3.5114179490614884e-02
3.3875000000000000e+01  4.5150446642271183e+00  -8.1926408044615817e-01  3.4978721268890699e-02
3.4000000000000000e+01  4.5291066487945164e+00  -8.1040592889221896e-01  3.4845858136937601e-02
3.4125000000000000e+01  4.5428914449172728e+00  -8.0181723738456068e-01  3.4715650367468300e-02
3.4249999999999993e+01  4.5564022649952252e+00  -7.9349485681670640e-01  3.4588152658859006e-02
3.4374999999999993e+01  4.5696422615639909e+00  -7.8543569651125766e-01  3.4463419746013219e-02
3.4499999999999993e+01  4.5826148337567094e+00  -7.7763641962550789e-01  3.4341500802739990e-02
3.4625000000000000e+01  4.5953234139232944e+00  -7.7009365519699013e-01  3.4222443485843732e-02
3.4750000000000000e+01  4.6077715416569687e+00  -7.6280392455721113e-01  3.4106292639891150e-02
3.4875000000000000e+01  4.6199629353006246e+00  -7.5576357022585094e-01  3.3993088701672919e-02
3.5000000000000000e+01  4.6319013526352926e+00  -7.4896889438353487e-01  3.3882870758849583e-02
3.5124999999999993e+01  4.6435906751386424e+00  -7.4241607510497243e-01  3.3775674796269306e-02
3.5250000000000000e+01  4.6550349268106519e+00  -7.3610114763116918e-01  3.3671533164365053e-02
3.5374999999999993e+01  4.6662382038920533e+00  -7.3002007423976867e-01  3.3570476314383944e-02
3.5499999999999993e+01  4.6772047753307078e+00  -7.2416864435206296e-01  3.3472530159206634e-02
3.5624999999999993e+01  4.6879389311092599e+00  -7.1854262534466207e-01  3.3377720128537271e-02
3.5750000000000000e+01  4.6984450951481209e+00  -7.1313765029705101e-01  3.3286068186444584e-02
3.5875000000000000e+01  4.7087278533898864e+00  -7.0794919006409707e-01  3.3197591704803638e-02
3.6000000000000000e+01  4.7187917869778078e+00  -7.0297271918253168e-01  3.3112308555308639e-02
3.6125000000000000e+01  4.7286416453225462e+00  -6.9820354378053384e-01  3.3030231707275787e-02
3.6249999999999993e+01  4.7382822659156529e+00  -6.9363688133431900e-01  3.2951371508124723e-02
3.6375000000000000e+01  4.7477185217351980e+00  -6.8926791299959023e-01  3.2875737594113455e-02
3.6499999999999993e+01  4.7569554152651996e+00  -6.8509169012714066e-01  3.2803335388892935e-02
3.6624999999999993e+01  4.7659980340674766e+00  -6.8110317847178958e-01  3.2734167358369357e-02
3.6749999999999993e+01  4.7748514669232076e+00  -6.7729734163359856e-01  3.2668236497960038e-02
3.6875000000000000e+01  4.7835209891301975e+00  -6.7366895677806982e-01  3.2605538002886660e-02
3.7000000000000000e+01  4.7920117862129930e+00  -6.7021288949217750e-01  3.2546071509252754e-02
3.7125000000000000e+01  4.8003292040780794e+00  -6.6692384498948520e-01  3.2489829289607572e-02
3.7250000000000000e+01  4.8084785876534406e+00  -6.6379652865485461e-01  3.2436803584172572e-02
3.7374999999999993e+01  4.8164653219581597e+00  -6.6082560523101597e-01  3.2386984427046829e-02
3.7500000000000000e+01  4.8242948513313539e+00  -6.5800567972812951e-01  3.2340357820221106e-02
3.7624999999999993e+01  4.8319726030189356e+00  -6.5533137348230186e-01  3.2296910119368076e-02
3.7749999999999993e+01  4.8395040419802813e+00  -6.5279726967666196e-01  3.2256624063951196e-02
3.7875000000000000e+01  4.8468946212072490e+00  -6.5039796280819884e-01  3.2219481797599855e-02
3.8125000000000000e+01  4.8612750438402674e+00  -6.4598208392505407e-01  3.2154543522668340e-02
3.8375000000000000e+01  4.8751573586334151e+00  -6.4204061818915603e-01  3.2101910790339458e-02
3.8625000000000000e+01  4.8885846198689267e+00  -6.3853087156266097e-01  3.2061370908755493e-02
3.8874999999999993e+01  4.9015991704003081e+00  -6.3541085261553976e-01  3.2032686916498493e-02
3.9125000000000000e+01  4.9142423979143155e+00  -6.3263951640541771e-01  3.2015601026694256e-02
3.9375000000000000e+01  4.9265545025866233e+00  -6.3017699696276219e-01  3.2009832234806107e-02
3.9625000000000000e+01  4.9385742770549115e+00  -6.2798482743356399e-01  3.2015083841083092e-02
3.9874999999999993e+01  4.9503389100411086e+00  -6.2602613658970219e-01  3.2031041997356298e-02
4.0125000000000000e+01  4.9618838155229064e+00  -6.2426581979754037e-01  3.2057379084357886e-02
4.0375000000000000e+01  4.9732424977097320e+00  -6.2267067423099487e-01  3.2093756352209762e-02
4.0625000000000000e+01  4.9844464294343718e+00  -6.2120952059838341e-01  3.2139825003793400e-02
4.0875000000000000e+01  4.9955249665639307e+00  -6.1985328888882085e-01  3.2195228355669396e-02
4.1124999999999993e+01  5.0065052905262846e+00  -6.1857507600187578e-01  3.2259603740513967e-02
4.1375000000000000e+01  5.0174124040631884e+00  -6.1735015028711038e-01  3.2332585437796588e-02
4.1625000000000000e+01  5.0282691338729117e+00  -6.1615594910073401e-01  3.2413806062062685e-02
4.1875000000000000e+01  5.0390960478752858e+00  -6.1497216116813425e-01  3.2502893942947302e-02
4.2124999999999993e+01  5.0499116401072053e+00  -6.1378054259658965e-01  3.2599480779382253e-02
4.2375000000000000e+01  5.0607323756253191e+00  -6.1256487206703492e-01  3.2703201405917363e-02
4.2625000000000000e+01  5.0715725590799137e+00  -6.1131108131434120e-01  3.2813688469797611e-02
4.2875000000000000e+01  5.0824447830770740e+00  -6.1000680884543845e-01  3.2930585036673801e-02
4.3125000000000000e+01  5.0933597429228952e+00  -6.0864158383880307e-01  3.3053536333960923e-02
4.3375000000000000e+01  5.1043263939897638e+00  -6.0720666919120658e-01  3.3182192687109952e-02
4.3625000000000000e+01  5.1153522479045623e+00  -6.0569476651441034e-01  3.3316214699133755e-02
4.3875000000000000e+01  5.1264431692682511e+00  -6.0410021779272949e-01  3.3455266129896986e-02
4.4124999999999993e+01  5.1376037864658954e+00  -6.0241859637450412e-01  3.3599021536600833e-02
4.4374999999999993e+01  5.1488375389091594e+00  -6.0064665951919638e-01  3.3747164728551257e-02
4.4625000000000000e+01  5.1601466232268729e+00  -5.9878240137897443e-01  3.3899385896880525e-02
4.4875000000000000e+01  5.1715323267681779e+00  -5.9682472094250905e-01  3.4055386391686301e-02
4.5125000000000000e+01  5.1829949694901387e+00  -5.9477347933046243e-01  3.4214875786966407e-02
4.5375000000000000e+01  5.1945341483871177e+00  -5.9262925637175989e-01  3.4377574584059066e-02
4.5625000000000000e+01  5.2061486710433424e+00  -5.9039341620846919e-01  3.4543211590326570e-02
4.5875000000000000e+01  5.2178367921001056e+00  -5.8806787186795395e-01  3.4711526391444272e-02
4.6125000000000000e+01  5.2295962357623980e+00  -5.8565506252699118e-01  3.4882268307616794e-02
4.6374999999999993e+01  5.2414241954837468e+00  -5.8315795345453436e-01  3.5055195349615362e-02
4.6624999999999993e+01  5.2533176500756005e+00  -5.8057972162580818e-01  3.5230077431568668e-02
4.6875000000000000e+01  5.2652729622476580e+00  -5.7792415424976795e-01  3.5406690225514438e-02
4.7125000000000000e+01  5.2772866086114432e+00  -5.7519492333233524e-01  3.5584823468591056e-02
4.7375000000000000e+01  5.2893545221299396e+00  -5.7239623860484690e-01  3.5764272096420337e-02
4.7625000000000000e+01  5.3014727251220224e+00  -5.6953221858418290e-01  3.5944842974820472e-02
4.7875000000000000e+01  5.3136369993721067e+00  -5.6660721804633907e-01  3.6126350407433998e-02
4.8124999999999993e+01  5.3258429619714498e+00  -5.6362575251167613e-01  3.6308616581439190e-02
4.8374999999999993e+01  5.3380864505326509e+00  -5.6059211566425482e-01  3.6491474650264741e-02
4.8624999999999993e+01  5.3503629643712927e+00  -5.5751093405126539e-01  3.6674762931645989e-02
4.8874999999999993e+01  5.3626683778697419e+00  -5.5438645882096660e-01  3.6858330871532105e-02
4.9125000000000000e+01  5.3749982754705687e+00  -5.5122322578433902e-01  3.7042032804879235e-02
4.9375000000000000e+01  5.3873483397486615e+00  -5.4802567012089565e-01  3.7225731026649604e-02
4.9625000000000000e+01  5.3997144985498133e+00  -5.4479798037502336e-01  3.7409296302439769e-02
4.9875000000000000e+01  5.4120925488762230e+00  -5.4154447167046893e-01  3.7592604790197791e-02
5.0125000000000000e+01  5.4244785824520481e+00  -5.3826916343652531e-01  3.7775540658727777e-02
5.0374999999999993e+01  5.4368686047591668e+00  -5.3497615739524074e-01  3.7957993282374959e-02
5.0624999999999993e+01  5.4492588666971153e+00  -5.3166930854649186e-01  3.8139859017737913e-02
5.0874999999999993e+01  5.4616456963977882e+00  -5.2835239205246509e-01  3.8321039871646326e-02
5.1125000000000000e+01  5.4740253745740208e+00  -5.2502922686219833e-01  3.8501442770453871e-02
5.1375000000000000e+01  5.4863946359918323e+00  -5.2170317845871983e-01  3.8680981621834226e-02
5.1625000000000000e+01  5.4987500965149323e+00  -5.1837772710834296e-01  3.8859574390749857e-02
5.1875000000000000e+01  5.5110885236998026e+00  -5.1505619955256998e-01  3.9037144203514923e-02
5.2125000000000000e+01  5.5234069093371714e+00  -5.1174169717774376e-01  3.9213619291962834e-02
5.2375000000000000e+01  5.5357022929242534e+00  -5.0843727108932235e-01  3.9388932159615017e-02
5.2624999999999993e+01  5.5479717140579163e+00  -5.0514596931943068e-01  3.9563019427123765e-02
5.2874999999999993e+01  5.5602127547887203e+00  -5.0187029940867767e-01  3.9735822827953335e-02
5.3124999999999993e+01  5.5724226101690668e+00  -4.9861314960680625e-01  3.9907286944948196e-02
5.3375000000000000e+01  5.5845989391260167e+00  -4.9537694571600710e-01  4.0077360853895051e-02
5.3625000000000000e+01  5.5967392802445231e+00  -4.9216423007859289e-01  4.0245996916364858e-02
5.3875000000000000e+01  5.6088415471536477e+00  -4.8897717084030878e-01  4.0413151214777614e-02
5.4125000000000000e+01  5.6209036594712058e+00  -4.8581792767996923e-01  4.0578782924717179e-02
5.4375000000000000e+01  5.6329234219243247e+00  -4.8268877155185175e-01  4.0742854384746063e-02
5.4625000000000000e+01  5.6448991298088167e+00  -4.7959148509113625e-01  4.0905330924135043e-02
5.4874999999999993e+01  5.6568289383349155e+00  -4.7652798732915258e-01  4.1066180689306425e-02
5.5124999999999993e+01  5.6687111232916294e+00  -4.7350007557483975e-01  4.1225374569974979e-02
5.5374999999999993e+01  5.6805441240857100e+00  -4.7050938289266941e-01  4.1382885945544422e-02
5.5625000000000000e+01  5.6923263619452529e+00  -4.6755755816848366e-01  4.1538690812970229e-02
5.5875000000000000e+01  5.7040565424120757e+00  -4.6464596671799763e-01  4.1692767116968732e-02
5.6125000000000000e+01  5.7157332772878071e+00  -4.6177606461809617e-01  4.1845095333005920e-02
5.6375000000000000e+01  5.7273552695919374e+00  -4.5894921565607305e-01  4.1995658080615769e-02
5.6624999999999993e+01  5.7389214700332465e+00  -4.5616653655715211e-01  4.2144439450489408e-02
5.6875000000000000e+01  5.7504307261395802e+00  -4.5342924430992904e-01  4.2291425936534448e-02
5.7124999999999993e+01  5.7618819688422720e+00  -4.5073847154425373e-01  4.2436605863713645e-02
5.7374999999999993e+01  5.7732743718345914e+00  -4.4809510894136917e-01  4.2579968540556304e-02
5.7624999999999993e+01  5.7846069012639916e+00  -4.4550025083642275e-01  4.2721506051840843e-02
5.7875000000000000e+01  5.7958789483056830e+00  -4.4295456943581213e-01  4.2861210331159243e-02
5.8125000000000000e+01  5.8070896136601480e+00  -4.4045902272730952e-01  4.2999076431544131e-02
5.8375000000000000e+01  5.8182382176561198e+00  -4.3801434989093346e-01  4.3135100021415386e-02
5.8625000000000000e+01  5.8293241450079583e+00  -4.3562122494415867e-01  4.3269277985848842e-02
5.8874999999999993e+01  5.8403467966321605e+00  -4.3328030444632848e-01  4.3401608649519210e-02
5.9125000000000000e+01  5.8513056664233343e+00  -4.3099215161615057e-01  4.3532091223401070e-02
5.9374999999999993e+01  5.8622003154546922e+00  -4.2875726190935781e-01  4.3660725830546115e-02
5.9624999999999993e+01  5.8730302118027291e+00  -4.2657622143177187e-01  4.3787514657084171e-02
5.9874999999999993e+01  5.8837950196972280e+00  -4.2444942108224293e-01  4.3912459758906619e-02
6.0125000000000000e+01  5.8944944254839529e+00  -4.2237722869161276e-01  4.4035564201806189e-02
6.0375000000000000e+01  5.9051280898968734e+00  -4.2036003623777329e-01  4.4156832458353487e-02
6.0625000000000000e+01  5.9156956908749168e+00  -4.1839821754508799e-01  4.4276270067479848e-02
6.0875000000000000e+01  5.9261970822749150e+00  -4.1649197145408756e-01  4.4393882052216532e-02
6.1124999999999993e+01  5.9366320415647387e+00  -4.1464157125489542e-01  4.4509675163681497e-02
6.1375000000000000e+01  5.9470003848018367e+00  -4.1284725106824371e-01  4.4623656811294619e-02
6.1624999999999993e+01  5.9573020167999342e+00  -4.1110915630670775e-01  4.4735834450151342e-02
6.1874999999999993e+01  5.9675367756667237e+00  -4.0942749734408013e-01  4.4846217181040884e-02
6.2124999999999993e+01  5.9777046753237695e+00  -4.0780230989397115e-01  4.4954813018995017e-02
6.2375000000000000e+01  5.9878055836212356e+00  -4.0623377311197828e-01  4.5061632491467093e-02
6.2625000000000000e+01  5.9978395917967182e+00  -4.0472184456771654e-01  4.5166684244075203e-02
6.2875000000000000e+01  6.0078065793503281e+00  -4.0326669019069739e-01  4.5269980312897605e-02
6.3125000000000000e+01  6.0177066574335099e+00  -4.0186824623380657e-01  4.5371530535124251e-02
6.3374999999999993e+01  6.0275398486245333e+00  -4.0052653567413499e-01  4.5471346563421659e-02
6.3625000000000000e+01  6.0373062602633514e+00  -3.9924149699944822e-01  4.5569439537967646e-02
6.3874999999999993e+01  6.0470059199590338e+00  -3.9801314672110744e-01  4.5665822380966281e-02
6.4125000000000000e+01  6.0566389945506893e+00  -3.9684136311268725e-01  4.5760506578615918e-02
6.4375000000000000e+01  6.0662055986856949e+00  -3.9572607531787085e-01  4.5853504926393347e-02
6.4625000000000000e+01  6.0757058306985741e+00  -3.9466722792179532e-01  4.5944831071751902e-02
6.4875000000000000e+01  6.0851399350483941e+00  -3.9366462055298523e-01  4.6034496772025507e-02
6.5125000000000000e+01  6.0945080189041372e+00  -3.9271818780539292e-01  4.6122516535981657e-02
6.5375000000000000e+01  6.1038102996344765e+00  -3.9182775483967269e-01  4.6208903475349485e-02
6.5624999999999986e+01  6.1130469762125976e+00  -3.9099316439985587e-01  4.6293671433330859e-02
6.5875000000000000e+01  6.1222182386957265e+00  -3.9021426746724508e-01  4.6376834855648162e-02
6.6125000000000000e+01  6.1313243553596743e+00  -3.8949083724187483e-01  4.6458407071204195e-02
6.6375000000000000e+01  6.1403655636968386e+00  -3.8882267679077165e-01  4.6538402321935103e-02
6.6625000000000000e+01  6.1493420693125431e+00  -3.8820962014771121e-01  4.6616835884294897e-02
6.6875000000000000e+01  6.1582541638285120e+00  -3.8765141592153274e-01  4.6693721577903864e-02
6.7125000000000000e+01  6.1671020959295886e+00  -3.8714785463002821e-01  4.6769074421996668e-02
6.7374999999999986e+01  6.1758861936765044e+00  -3.8669864795861386e-01  4.6842907911699795e-02
6.7625000000000000e+01  6.1846066234136874e+00  -3.8630366678625050e-01  4.6915239587122723e-02
6.7874999999999986e+01  6.1932637906597048e+00  -3.8596254543746600e-01  4.6986081601533912e-02
6.8125000000000000e+01  6.2018579708075254e+00  -3.8567504626929949e-01  4.7055449356017513e-02
6.8375000000000000e+01  6.2103894030892537e+00  -3.8544096691506002e-01  4.7123359509774851e-02
6.8625000000000000e+01  6.2188584836756036e+00  -3.8525994968837818e-01  4.7189824806309441e-02
6.8875000000000000e+01  6.2272654537311238e+00  -3.8513178951571225e-01  4.7254862308743720e-02
6.9125000000000000e+01  6.2356106588977873e+00  -3.8505617781481938e-01  4.7318486437513109e-02
6.9375000000000000e+01  6.2438944956982390e+00  -3.8503275541527149e-01  4.7380710117149318e-02
6.9624999999999986e+01  6.2521171986350366e+00  -3.8506132270319737e-01  4.7441551259400340e-02
6.9875000000000000e+01  6.2602791358587044e+00  -3.8514154780097787e-01  4.7501023924109827e-02
7.0124999999999986e+01  6.2683806723190241e+00  -3.8527310165234363e-01  4.7559142238339465e-02
7.0375000000000000e+01  6.2764220913116153e+00  -3.8545573545749789e-01  4.7615923194575437e-02
7.0625000000000000e+01  6.2844037872101852e+00  -3.8568909046590472e-01  4.7671380083277363e-02
7.0875000000000000e+01  6.2923260854599405e+00  -3.8597287564183302e-01  4.7725528637095033e-02
7.1125000000000000e+01  6.3001893399861402e+00  -3.8630677153491932e-01  4.7778383642784104e-02
7.1375000000000000e+01  6.3079938975588270e+00  -3.8669046545876684e-01  4.7829960209185979e-02
7.1625000000000000e+01  6.3157401414769145e+00  -3.8712360838683324e-01  4.7880271937044923e-02
7.1874999999999986e+01  6.3234283701309995e+00  -3.8760593480346328e-01  4.7929336074875699e-02
7.2125000000000000e+01  6.3310589985945116e+00  -3.8813706376534718e-01  4.7977164815601499e-02
7.2374999999999986e+01  6.3386323435690919e+00  -3.8871671113977335e-01  4.8023774748426652e-02
7.2625000000000000e+01  6.3461487859829466e+00  -3.8934452914802620e-01  4.8069179487544363e-02
7.2875000000000000e+01  6.3536086852385401e+00  -3.9002019099820195e-01  4.8113393594892237e-02
7.3125000000000000e+01  6.3610123822912472e+00  -3.9074338785105800e-01  4.8156432673954856e-02
7.3375000000000000e+01  6.3683602633873129e+00  -3.9151376592829301e-01  4.8198309768545042e-02
7.3625000000000000e+01  6.3756526859325717e+00  -3.9233099967232876e-01  4.8239039408581104e-02
7.3875000000000000e+01  6.3828900015233341e+00  -3.9319476902500705e-01  4.8278636505059064e-02
7.4124999999999986e+01  6.3900725883695291e+00  -3.9410472743578628e-01  4.8317114106324770e-02
7.4375000000000000e+01  6.3972007800090447e+00  -3.9506057221391400e-01  4.8354488363000728e-02
7.4625000000000000e+01  6.4042749679544322e+00  -3.9606194323799881e-01  4.8390771032475390e-02
7.4875000000000000e+01  6.4112954991458029e+00  -3.9710852415763531e-01  4.8425977088900243e-02
7.5125000000000000e+01  6.4182627241603942e+00  -3.9819999482294177e-01  4.8460121388950658e-02
7.5375000000000000e+01  6.4251770222072837e+00  -3.9933600662319613e-01  4.8493215871420157e-02
7.5625000000000000e+01  6.4320387402445300e+00  -4.0051624257181295e-01  4.8525275445960088e-02
7.5875000000000000e+01  6.4388482432608303e+00  -4.0174036769137045e-01  4.8556312954694612e-02
7.6125000000000000e+01  6.4456058881231222e+00  -4.0300805482457847e-01  4.8586341869081451e-02
7.6374999999999986e+01  6.4523120314498907e+00  -4.0431897686918328e-01  4.8615375423390450e-02
7.6625000000000000e+01  6.4589670227186557e+00  -4.0567281358270080e-01  4.8643427968207496e-02
7.6875000000000000e+01  6.4655712245860917e+00  -4.0706923153299712e-01  4.8670510921597882e-02
7.7125000000000000e+01  6.4721249820371085e+00  -4.0850791454734869e-01  4.8696639204153798e-02
7.7375000000000000e+01  6.4786286520046064e+00  -4.0998853448436456e-01  4.8721824177485308e-02
7.7625000000000000e+01  6.4850825822346705e+00  -4.1151077209462184e-01  4.8746079075671050e-02
7.7875000000000000e+01  6.4914871201082951e+00  -4.1307430831785563e-01  4.8769418318109985e-02
7.8125000000000000e+01  6.4978426152086941e+00  -4.1467882175184334e-01  4.8791853245100172e-02
7.8375000000000000e+01  6.5041494119588847e+00  -4.1632399592085401e-01  4.8813395787168284e-02
7.8624999999999986e+01  6.5104078530460852e+00  -4.1800951589926383e-01  4.8834058616409069e-02
7.8875000000000000e+01  6.5166182811138151e+00  -4.1973506664374804e-01  4.8853854551221043e-02
7.9125000000000000e+01  6.5227810364908807e+00  -4.2150033523718999e-01  4.8872795779315276e-02
7.9375000000000000e+01  6.5288964657824220e+00  -4.2330500241131785e-01  4.8890895956977591e-02
7.9625000000000000e+01  6.5349648863203189e+00  -4.2514877763744696e-01  4.8908163258809971e-02
7.9875000000000000e+01  6.5409866503271070e+00  -4.2703133579732055e-01  4.8924612960763829e-02
8.0125000000000000e+01  6.5469620880312478e+00  -4.2895237333181679e-01  4.8940256173474250e-02
8.0375000000000000e+01  6.5528915254579401e+00  -4.3091159068313711e-01  4.8955103928045661e-02
8.0625000000000000e+01  6.5587752929062662e+00  -4.3290868392949511e-01  4.8969168045995173e-02
8.0874999999999986e+01  6.5646137006701686e+00  -4.3494336875262318e-01  4.8982458483529792e-02
8.1125000000000000e+01  6.5704071326999482e+00  -4.3701528798455325e-01  4.8994992084106771e-02
8.1375000000000000e+01  6.5761558252117478e+00  -4.3912423014975577e-01  4.9006772383519893e-02
8.1625000000000000e+01  6.5818601840059001e+00  -4.4126981623020711e-01  4.9017817656067261e-02
8.1875000000000000e+01  6.5875204568854997e+00  -4.4345182304071873e-01  4.9028133444852288e-02
8.2125000000000000e+01  6.5931369963712356e+00  -4.4566992388523818e-01  4.9037733474657300e-02
8.2375000000000000e+01  6.5987101165994808e+00  -4.4792382982678491e-01  4.9046628511279881e-02
8.2625000000000000e+01  6.6042401158401587e+00  -4.5021326746011248e-01  4.9054828442322777e-02
8.2875000000000000e+01  6.6097273491248805e+00  -4.5253790720889242e-01  4.9062346452982505e-02
8.3124999999999986e+01  6.6151720243330239e+00  -4.5489756465277109e-01  4.9069187595103508e-02
8.3375000000000000e+01  6.6205745783575125e+00  -4.5729182913176247e-01  4.9075369285950438e-02
8.3625000000000000e+01  6.6259351946306104e+00  -4.5972054011177477e-01  4.9080895723767774e-02
8.3875000000000000e+01  6.6312542645126715e+00  -4.6218333163227632e-01  4.9085781542550500e-02
8.4125000000000000e+01  6.6365320395945364e+00  -4.6467997561474350e-01  4.9090034603693468e-02
8.4375000000000000e+01  6.6417688128005556e+00  -4.6721020304566885e-01  4.9093664835935247e-02
8.4625000000000000e+01  6.6469649057191500e+00  -4.6977371648470179e-01  4.9096683305168344e-02
8.4875000000000000e+01  6.6521206184635586e+00  -4.7237023957381608e-01  4.9099100067124014e-02
8.5125000000000000e+01  6.6572362087835222e+00  -4.7499953767214143e-01  4.9100923578578246e-02
8.5375000000000000e+01  6.6623119782821707e+00  -4.7766133271230782e-01  4.9102163995181726e-02
8.5624999999999986e+01  6.6673482060247720e+00  -4.8035536876823759e-01  4.9102830618685638e-02
8.5875000000000000e+01  6.6723452256526103e+00  -4.8308133589369362e-01  4.9102934539362514e-02
8.6125000000000000e+01  6.6773031561212379e+00  -4.8583913606567775e-01  4.9102479797890751e-02
8.6375000000000000e+01  6.6822225190364977e+00  -4.8862827345491899e-01  4.9101483429008212e-02
8.6625000000000000e+01  6.6871034673924896e+00  -4.9144861618946978e-01  4.9099950516595159e-02
8.6875000000000000e+01  6.6919462084406582e+00  -4.9429997870470377e-01  4.9097888170657321e-02
8.7125000000000000e+01  6.6967511165545641e+00  -4.9718201024328001e-01  4.9095308352000398e-02
8.7375000000000000e+01  6.7015184184795773e+00  -5.0009450575945236e-01  4.9092218642301483e-02
8.7625000000000000e+01  6.7062484233146851e+00  -5.0303717874553611e-01  4.9088628890251479e-02
8.7875000000000000e+01  6.7109413441271402e+00  -5.0600983745155226e-01  4.9084546341454899e-02
8.8125000000000000e+01  6.7155975041767206e+00  -5.0901218115727165e-01  4.9079981077469352e-02
8.8375000000000000e+01  6.7202170855905479e+00  -5.1204404846718266e-01  4.9074939585395577e-02
8.8625000000000000e+01  6.7248004345700343e+00  -5.1510511577471840e-01  4.9069432355871662e-02
8.8875000000000000e+01  6.7293477393318106e+00  -5.1819521545691005e-01  4.9063466023847806e-02
8.9125000000000000e+01  6.7338592975869656e+00  -5.2131407160026022e-01  4.9057049776118702e-02
8.9375000000000000e+01  6.7383353217581350e+00  -5.2446149245741580e-01  4.9050190812227730e-02
8.9625000000000000e+01  6.7427761010194214e+00  -5.2763721033640287e-01  4.9042897993387957e-02
8.9875000000000000e+01  6.7471819028991726e+00  -5.3084097882650250e-01  4.9035179607077893e-02
9.0125000000000000e+01  6.7515529391336537e+00  -5.3407260654730671e-01  4.9027042742758577e-02
9.0375000000000000e+01  6.7558894557473836e+00  -5.3733186813408240e-01  4.9018495186668440e-02
9.0625000000000000e+01  6.7601917052584666e+00  -5.4061853170070640e-01  4.9009544794749636e-02
9.0875000000000000e+01  6.7644599253084206e+00  -5.4393237996113752e-01  4.9000199080925837e-02
9.1125000000000000e+01  6.7686943829638748e+00  -5.4727316644364121e-01  4.8990466048904967e-02
9.1375000000000000e+01  6.7728952542520870e+00  -5.5064073456180962e-01  4.8980351997619548e-02
9.1625000000000000e+01  6.7770628170391598e+00  -5.5403482696840500e-01  4.8969865034098302e-02
9.1875000000000000e+01  6.7811972710189128e+00  -5.5745526348814867e-01  4.8959011827492904e-02
9.2125000000000000e+01  6.7852988237435996e+00  -5.6090185608335563e-01  4.8947799178287489e-02
9.2375000000000000e+01  6.7893678448043646e+00  -5.6437425642093775e-01  4.8936236478613823e-02
9.2625000000000000e+01  6.7934044631825401e+00  -5.6787235393441193e-01  4.8924329071012830e-02
9.2875000000000000e+01  6.7974089567379652e+00  -5.7139589077687214e-01  4.8912084690418946e-02
9.3125000000000000e+01  6.8013814226660765e+00  -5.7494478763135293e-01  4.8899508216754935e-02
9.3374999999999986e+01  6.8053221463042508e+00  -5.7851877906679494e-01  4.8886607426042651e-02
9.3625000000000000e+01  6.8092312121866954e+00  -5.8211779811366648e-01  4.8873387051840501e-02
9.3875000000000014e+01  6.8131092676217353e+00  -5.8574122119265848e-01  4.8859859906303572e-02
9.4125000000000000e+01  6.8169561222296444e+00  -5.8938925299651768e-01  4.8846026623965470e-02
9.4374999999999986e+01  6.8207721621491197e+00  -5.9306152801255418e-01  4.8831896088992383e-02
9.4624999999999986e+01  6.8245574984952233e+00  -5.9675795261802245e-01  4.8817473282129681e-02
9.4875000000000000e+01  6.8283123500878737e+00  -6.0047832658155764e-01  4.8802764639790594e-02
9.5125000000000000e+01  6.8320371293030044e+00  -6.0422225812567021e-01  4.8787779016515098e-02
9.5375000000000000e+01  6.8357317590766042e+00  -6.0798983948978425e-01  4.8772518868968627e-02
9.5624999999999986e+01  6.8393965312522846e+00  -6.1178079793455709e-01  4.8756991412385181e-02
9.5875000000000000e+01  6.8430318524416416e+00  -6.1559474708014994e-01  4.8741205117111913e-02
9.6125000000000014e+01  6.8466377205226046e+00  -6.1943170478308041e-01  4.8725163364997943e-02
9.6375000000000000e+01  6.8502141724850034e+00  -6.2329165015557342e-01  4.8708870141640916e-02
9.6624999999999986e+01  6.8537618269634111e+00  -6.2717398675565228e-01  4.8692336127297453e-02
9.6874999999999986e+01  6.8572805937830843e+00  -6.3107881931806542e-01  4.8675563679315338e-02
9.7125000000000000e+01  6.8607707889492557e+00  -6.3500585061920933e-01  4.8658559790483440e-02
9.7375000000000000e+01  6.8642324445861478e+00  -6.3895506424207982e-01  4.8641328251847499e-02
9.7625000000000000e+01  6.8676657462192301e+00  -6.4292629190290196e-01  4.8623874546689858e-02
9.7874999999999986e+01  6.8710712285293027e+00  -6.4691901969129662e-01  4.8606207730731453e-02
9.8125000000000000e+01  6.8744486964080682e+00  -6.5093345581273621e-01  4.8588329111651417e-02
9.8375000000000014e+01  6.8777985166571014e+00  -6.5496925231170611e-01  4.8570245852586499e-02
9.8625000000000000e+01  6.8811209243498599e+00  -6.5902619149572228e-01  4.8551963639712148e-02
9.8874999999999986e+01  6.8844158474390404e+00  -6.6310435957416836e-01  4.8533485103508744e-02
9.9124999999999986e+01  6.8876838786008179e+00  -6.6720318471978990e-01  4.8514819303427145e-02
9.9375000000000000e+01  6.8909247922216847e+00  -6.7132290499523961e-01  4.8495967349634565e-02
9.9625000000000000e+01  6.8941389769295203e+00  -6.7546315036622051e-01  4.8476936187603376e-02
9.9875000000000000e+01  6.8973265173971692e+00  -6.7962385159841610e-01  4.8457729841822769e-02
1.0012499999999999e+02  6.9004878087933079e+00  -6.8380463197665797e-01  4.8438355088758878e-02
1.0037500000000000e+02  6.9036227424318151e+00  -6.8800561354052547e-01  4.8418814143308779e-02
1.0062500000000001e+02  6.9067316630286708e+00  -6.9222646935059240e-01  4.8399113207436596e-02
1.0087500000000000e+02  6.9098144328170248e+00  -6.9646735012137961e-01  4.8379254284728744e-02
1.0112500000000000e+02  6.9128718850465303e+00  -7.0072744496987305e-01  4.8359247517632493e-02
1.0137499999999999e+02  6.9159033857509220e+00  -7.0500739582185190e-01  4.8339090716215526e-02
1.0162499999999997e+02  6.9189096118638496e+00  -7.0930654639778457e-01  4.8318792546540347e-02
1.0187499999999997e+02  6.9218906538652671e+00  -7.1362482107306402e-01  4.8298356741076763e-02
1.0212499999999997e+02  6.9248464935468537e+00  -7.1796225181364148e-01  4.8277786190666402e-02
1.0237499999999997e+02  6.9277776697515892e+00  -7.2231831876595276e-01  4.8257088053155969e-02
1.0262499999999999e+02  6.9306840144464639e+00  -7.2669320213584188e-01  4.8236263971220376e-02
1.0287499999999997e+02  6.9335656358495577e+00  -7.3108680845360885e-01  4.8215317730126522e-02
1.0312499999999999e+02  6.9364229812305505e+00  -7.3549870829302755e-01  4.8194255540301288e-02
1.0337499999999997e+02  6.9392559700709979e+00  -7.3992899498442233e-01  4.8173079676078846e-02
1.0362499999999999e+02  6.9420648380965781e+00  -7.4437744850047016e-01  4.8151794684178205e-02
1.0387499999999997e+02  6.9448497358774652e+00  -7.4884393309404196e-01  4.8130404437532581e-02
1.0412499999999997e+02  6.9476107927808863e+00  -7.5332833395393717e-01  4.8108912624537287e-02
1.0437499999999997e+02  6.9503483992007968e+00  -7.5783027753885124e-01  4.8087324633551740e-02
1.0462499999999997e+02  6.9530623978131869e+00  -7.6234993295560871e-01  4.8065642106747679e-02
1.0487499999999999e+02  6.9557529748866944e+00  -7.6688712879112142e-01  4.8043868992049592e-02
1.0512499999999997e+02  6.9584203660669486e+00  -7.7144164461192499e-01  4.8022009483609421e-02
1.0537499999999999e+02  6.9610646815725241e+00  -7.7601338420950450e-01  4.8000066914931465e-02
1.0562499999999997e+02  6.9636862903674199e+00  -7.8060199484634296e-01  4.7978046179093931e-02
1.0587499999999999e+02  6.9662849167687710e+00  -7.8520776265042924e-01  4.7955948118491042e-02
1.0612499999999997e+02  6.9688609597363875e+00  -7.8983030501145279e-01  4.7933777727576156e-02
1.0637499999999997e+02  6.9714142881071703e+00  -7.9446976471334896e-01  4.7911536732213163e-02
1.0662499999999997e+02  6.9739455827681462e+00  -7.9912547949103629e-01  4.7889231638193822e-02
1.0687499999999997e+02  6.9764547838090767e+00  -8.0379752132742510e-01  4.7866864458872595e-02
1.0712499999999999e+02  6.9789418904291933e+00  -8.0848590357632011e-01  4.7844437579636592e-02
1.0737499999999997e+02  6.9814067574870560e+00  -8.1319078265855405e-01  4.7821952576814146e-02
1.0762499999999999e+02  6.9838501300326019e+00  -8.1791143230722874e-01  4.7799415957166441e-02
1.0787499999999997e+02  6.9862717664497298e+00  -8.2264810444874392e-01  4.7776828654196538e-02
1.0812499999999999e+02  6.9886718786491189e+00  -8.2740060127667725e-01  4.7754194098122107e-02
1.0837499999999997e+02  6.9910506386218705e+00  -8.3216876448097654e-01  4.7731515429496732e-02
1.0862499999999997e+02  6.9934081719469967e+00  -8.3695248171315173e-01  4.7708795505420939e-02
1.0887499999999997e+02  6.9957443995708619e+00  -8.4175184350976773e-01  4.7686036092992233e-02
1.0912499999999997e+02  6.9980595536423689e+00  -8.4656663171391466e-01  4.7663240539711951e-02
1.0937499999999999e+02  7.0003541203960893e+00  -8.5139637605833363e-01  4.7640413382640280e-02
1.0962499999999997e+02  7.0026279608664836e+00  -8.5624122630124466e-01  4.7617555956907247e-02
1.0987499999999999e+02  7.0048813452203502e+00  -8.6110092633341973e-01  4.7594671605138382e-02
1.1012499999999997e+02  7.0071137955403202e+00  -8.6597596208681615e-01  4.7571760041426769e-02
1.1037499999999999e+02  7.0093264491901701e+00  -8.7086521702975661e-01  4.7548828647480883e-02
1.1062499999999997e+02  7.0115182622729160e+00  -8.7576973849876882e-01  4.7525874444159531e-02
1.1087499999999997e+02  7.0136904779694600e+00  -8.8068830476733240e-01  4.7502905107263106e-02
1.1112499999999997e+02  7.0158425256082122e+00  -8.8562149361283460e-01  4.7479919859502305e-02
1.1137499999999997e+02  7.0179747718886603e+00  -8.9056895273545456e-01  4.7456922194414275e-02
1.1162499999999999e+02  7.0200873862832660e+00  -8.9553052544708933e-01  4.7433914652680875e-02
1.1187499999999997e+02  7.0221801887989805e+00  -9.0050640179172792e-01  4.7410898216381232e-02
1.1212499999999999e+02  7.0242535532498778e+00  -9.0549622218880277e-01  4.7387876243687739e-02
1.1237499999999997e+02  7.0263077074111333e+00  -9.1049977189240838e-01  4.7364851385390344e-02
1.1262499999999999e+02  7.0283423660182764e+00  -9.1551734528886630e-01  4.7341824118604998e-02
1.1287499999999997e+02  7.0303581877063301e+00  -9.2054829987602727e-01  4.7318798800194441e-02
1.1312499999999997e+02  7.0323547730602840e+00  -9.2559304324635372e-01  4.7295775387684577e-02
1.1337499999999997e+02  7.0343324928986322e+00  -9.3065121843787635e-01  4.7272756962383103e-02
1.1362499999999997e+02  7.0362914270600792e+00  -9.3572275724569698e-01  4.7249745375126197e-02
1.1387499999999999e+02  7.0382318035511044e+00  -9.4080744431459573e-01  4.7226743014611244e-02
1.1412499999999997e+02  7.0401534334600742e+00  -9.4590547813918713e-01  4.7203750626030480e-02
1.1437499999999999e+02  7.0420569227453162e+00  -9.5101626800858519e-01  4.7180771956422188e-02
1.1462499999999997e+02  7.0439415784865522e+00  -9.5614051274849032e-01  4.7157805814405179e-02
1.1487499999999999e+02  7.0458080737901412e+00  -9.6127755485618227e-01  4.7134856111911323e-02
1.1512499999999997e+02  7.0476569873190620e+00  -9.6642683045757272e-01  4.7111926280577171e-02
1.1537499999999997e+02  7.0494871113551696e+00  -9.7158954951790166e-01  4.7089013267522427e-02
1.1562499999999997e+02  7.0512998477758995e+00  -9.7676433058459899e-01  4.7066123392119436e-02
1.1587499999999997e+02  7.0530947446831540e+00  -9.8195163300087751e-01  4.7043256279650496e-02
1.1612499999999999e+02  7.0548720509181706e+00  -9.8715122018039070e-01  4.7020414012357306e-02
1.1637499999999997e+02  7.0566315315378860e+00  -9.9236333598553328e-01  4.6997596988779262e-02
1.1662499999999999e+02  7.0583737757527709e+00  -9.9758740564805271e-01  4.6974808361464906e-02
1.1687499999999997e+02  7.0600986065521072e+00  -1.0028236153909402e+00  4.6952048657917758e-02
1.1712499999999999e+02  7.0618059077584627e+00  -1.0080720910061385e+00  4.6929318614884107e-02
1.1737499999999997e+02  7.0634963534245863e+00  -1.0133321732273184e+00  4.6906621497547971e-02
1.1762499999999997e+02  7.0651696866596705e+00  -1.0186041275152742e+00  4.6883957503203816e-02
1.1787499999999997e+02  7.0668262680991605e+00  -1.0238876058159052e+00  4.6861328781045708e-02
1.1812499999999997e+02  7.0684655286540989e+00  -1.0291831837321714e+00  4.6838734539570437e-02
1.1837499999999999e+02  7.0700885734301675e+00  -1.0344897734228153e+00  4.6816179154406487e-02
1.1862499999999997e+02  7.0716946158313272e+00  -1.0398081665407166e+00  4.6793661125742562e-02
1.1887499999999999e+02  7.0732843210422116e+00  -1.0451377122000398e+00  4.6771183368640182e-02
1.1912499999999997e+02  7.0748571161961937e+00  -1.0504789896924720e+00  4.6748745051576439e-02
1.1937499999999999e+02  7.0764139781401099e+00  -1.0558310382662470e+00  4.6726349889708453e-02
1.1962499999999997e+02  7.0779539222777563e+00  -1.0611948463587217e+00  4.6703995843109011e-02
1.1987499999999997e+02  7.0794789944347913e+00  -1.0665683906177206e+00  4.6681689534670535e-02
1.2012499999999999e+02  7.0809871238872271e+00  -1.0719537389200906e+00  4.6659425818097802e-02
1.2037499999999997e+02  7.0824792172532769e+00  -1.0773500000411920e+00  4.6637208007208317e-02
1.2062499999999999e+02  7.0839558844738466e+00  -1.0827565774802461e+00  4.6615038472825547e-02
1.2087499999999997e+02  7.0854166647500696e+00  -1.0881739389962304e+00  4.6592916605279526e-02
1.2112499999999999e+02  7.0868613903387043e+00  -1.0936022610746465e+00  4.6570842618788445e-02
1.2137499999999997e+02  7.0882910312329619e+00  -1.0990405891053672e+00  4.6548819712401421e-02
1.2162499999999999e+02  7.0897055152385011e+00  -1.1044890044354130e+00  4.6526848242289379e-02
1.2187499999999997e+02  7.0911040116127877e+00  -1.1099483425951204e+00  4.6504926622276357e-02
1.2212499999999997e+02  7.0924877553307022e+00  -1.1154173852954057e+00  4.6483058569533206e-02
1.2237499999999999e+02  7.0938556519459057e+00  -1.1208972302470395e+00  4.6461241812459718e-02
1.2262499999999997e+02  7.0952090740108948e+00  -1.1263865221846365e+00  4.6439480285617923e-02
1.2287499999999999e+02  7.0965465500319160e+00  -1.1318867337853620e+00  4.6417770809679411e-02
1.2312499999999997e+02  7.0978698641576239e+00  -1.1373961003064958e+00  4.6396118196307297e-02
1.2337499999999999e+02  7.0991779709127272e+00  -1.1429156707891881e+00  4.6374520306993461e-02
1.2362499999999997e+02  7.1004716977731235e+00  -1.1484446316637023e+00  4.6352979500048519e-02
1.2387499999999999e+02  7.1017507187766480e+00  -1.1539833164201965e+00  4.6331495355070550e-02
1.2412499999999997e+02  7.1030152209247710e+00  -1.1595315483579092e+00  4.6310068637913392e-02
1.2437499999999997e+02  7.1042648892722289e+00  -1.1650896500133952e+00  4.6288698948404532e-02
1.2462499999999999e+02  7.1054999272511630e+00  -1.1706574283075484e+00  4.6267387060492375e-02
1.2487499999999997e+02  7.1067210853637279e+00  -1.1762341458951218e+00  4.6246134919013152e-02
1.2512499999999999e+02  7.1079286023809578e+00  -1.1818195743653606e+00  4.6224943255826781e-02
1.2537499999999997e+02  7.1091215707332722e+00  -1.1874146256924334e+00  4.6203810279675309e-02
1.2562499999999996e+02  7.1103008695276833e+00  -1.1930184344296824e+00  4.6182738104607483e-02
1.2587499999999997e+02  7.1114656138969563e+00  -1.1986318900074342e+00  4.6161725003048756e-02
1.2612499999999999e+02  7.1126163874180079e+00  -1.2042544209103019e+00  4.6140772385631974e-02
1.2637499999999997e+02  7.1137540856331984e+00  -1.2098851451048969e+00  4.6119882243208260e-02
1.2662499999999997e+02  7.1148773930924953e+00  -1.2155253804629318e+00  4.6099051939955969e-02
1.2687499999999999e+02  7.1159877673325020e+00  -1.2211736856511473e+00  4.6078284554232712e-02
1.2712499999999997e+02  7.1170835854083530e+00  -1.2268316846070202e+00  4.6057576862942713e-02
1.2737499999999999e+02  7.1181670705162974e+00  -1.2324971738871042e+00  4.6036933358684834e-02
1.2762499999999997e+02  7.1192368442709828e+00  -1.2381715340700956e+00  4.6016351303183427e-02
1.2787499999999996e+02  7.1202932638880911e+00  -1.2438544185536871e+00  4.5995831409009501e-02
1.2812499999999997e+02  7.1213363856165985e+00  -1.2495457802102203e+00  4.5975373759738515e-02
1.2837500000000000e+02  7.1223668346332483e+00  -1.2552450056218589e+00  4.5954979504142728e-02
1.2862499999999997e+02  7.1233842316025004e+00  -1.2609524811264161e+00  4.5934647842644172e-02
1.2887499999999997e+02  7.1243879377369241e+00  -1.2666688513802651e+00  4.5914377521743668e-02
1.2912499999999997e+02  7.1253797910272629e+00  -1.2723922955738947e+00  4.5894171828475758e-02
1.2937499999999997e+02  7.1263588791858101e+00  -1.2781237305215614e+00  4.5874028943637964e-02
1.2962499999999997e+02  7.1273244964676179e+00  -1.2838638675325993e+00  4.5853947462449446e-02
1.2987499999999997e+02  7.1282777550371685e+00  -1.2896116081465894e+00  4.5833929232761701e-02
1.3012499999999997e+02  7.1292186815375151e+00  -1.2953669344873164e+00  4.5813974111439310e-02
1.3037499999999997e+02  7.1301474453650835e+00  -1.3011296865208162e+00  4.5794082175709433e-02
1.3062500000000000e+02  7.1310638193580758e+00  -1.3069000990395558e+00  4.5774252812568313e-02
1.3087499999999997e+02  7.1319671450550377e+00  -1.3126788363153845e+00  4.5754484682416906e-02
1.3112499999999997e+02  7.1328591256209934e+00  -1.3184642110647875e+00  4.5734780410701205e-02
1.3137499999999997e+02  7.1337384827508430e+00  -1.3242575047183194e+00  4.5715137577001547e-02
1.3162499999999997e+02  7.1346064362860195e+00  -1.3300575111159216e+00  4.5695557910286788e-02
1.3187499999999997e+02  7.1354621681673152e+00  -1.3358650534216210e+00  4.5676039756524962e-02
1.3212499999999997e+02  7.1363058948783706e+00  -1.3416799245903199e+00  4.5656583158360076e-02
1.3237499999999997e+02  7.1371374836197816e+00  -1.3475022654031337e+00  4.5637187574551243e-02
1.3262499999999997e+02  7.1379580114573908e+00  -1.3533310116353112e+00  4.5617854350305680e-02
1.3287500000000000e+02  7.1387657689568451e+00  -1.3591678743380768e+00  4.5598580447255739e-02
1.3312499999999997e+02  7.1395644413577335e+00  -1.3650091913501248e+00  4.5579371166031064e-02
1.3337499999999997e+02  7.1403491640200487e+00  -1.3708598165240833e+00  4.5560218636885010e-02
1.3362499999999997e+02  7.1411237644569336e+00  -1.3767159458222551e+00  4.5541128286760414e-02
1.3387499999999997e+02  7.1418869272077519e+00  -1.3825788979448985e+00  4.5522097678349423e-02
1.3412499999999997e+02  7.1426373741335185e+00  -1.3884499545981401e+00  4.5503124506786806e-02
1.3437499999999997e+02  7.1433777127871547e+00  -1.3943265265590408e+00  4.5484212153055807e-02
1.3462499999999997e+02  7.1441079563190710e+00  -1.4002086089835317e+00  4.5465360113555287e-02
1.3487499999999997e+02  7.1448258978726793e+00  -1.4060984088480382e+00  4.5446564733429382e-02
1.3512500000000000e+02  7.1455330309898022e+00  -1.4119944465411098e+00  4.5427827662543926e-02
1.3537499999999997e+02  7.1462294794176104e+00  -1.4178966070824237e+00  4.5409148555331111e-02
1.3562499999999997e+02  7.1469154555273242e+00  -1.4238046871569945e+00  4.5390527163880465e-02
1.3587499999999997e+02  7.1475912674698989e+00  -1.4297183879855870e+00  4.5371963356591813e-02
1.3612499999999997e+02  7.1482557220726886e+00  -1.4356389067852033e+00  4.5353454954487678e-02
1.3637499999999997e+02  7.1489096983041405e+00  -1.4415653760083385e+00  4.5335002595636470e-02
1.3662499999999997e+02  7.1495534473106721e+00  -1.4474975536347445e+00  4.5316606025897793e-02
1.3687499999999997e+02  7.1501858005570762e+00  -1.4534366124470854e+00  4.5298263126466794e-02
1.3712499999999997e+02  7.1508089492575131e+00  -1.4593803769909179e+00  4.5279976158622892e-02
1.3737500000000000e+02  7.1514212525085599e+00  -1.4653304908123967e+00  4.5261742382185617e-02
1.3762499999999997e+02  7.1520246295623080e+00  -1.4712850492969176e+00  4.5243563600286210e-02
1.3787499999999997e+02  7.1526156332485096e+00  -1.4772474964139590e+00  4.5225434846947639e-02
1.3812499999999997e+02  7.1531985330846117e+00  -1.4832135849484658e+00  4.5207360825466218e-02
1.3837499999999997e+02  7.1537707386684026e+00  -1.4891859049880769e+00  4.5189337647081072e-02
1.3862499999999997e+02  7.1543322022560405e+00  -1.4951645123924231e+00  4.5171364618502019e-02
1.3887499999999997e+02  7.1548854099110297e+00  -1.5011469372017547e+00  4.5153444060467125e-02
1.3912499999999997e+02  7.1554284788885179e+00  -1.5071350643223114e+00  4.5135573011938490e-02
1.3937499999999997e+02  7.1559616797559640e+00  -1.5131286322289834e+00  4.5117751105837871e-02
1.3962500000000000e+02  7.1564844734558593e+00  -1.5191281865157684e+00  4.5099977024238729e-02
1.3987499999999997e+02  7.1569998198350007e+00  -1.5251307845307851e+00  4.5082253471656668e-02
1.4012499999999997e+02  7.1575046679113061e+00  -1.5311394760701398e+00  4.5064576195707452e-02
1.4037499999999997e+02  7.1579999582282330e+00  -1.5371533316232240e+00  4.5046945560226627e-02
1.4062499999999997e+02  7.1584852526799567e+00  -1.5431727961671937e+00  4.5029360350351162e-02
1.4087499999999997e+02  7.1589619438467231e+00  -1.5491964893533732e+00  4.5011821364078622e-02
1.4112499999999997e+02  7.1594302152233791e+00  -1.5552242362869730e+00  4.4994328028390367e-02
1.4137499999999997e+02  7.1598889552227662e+00  -1.5612571534503918e+00  4.4976878366947380e-02
1.4162499999999997e+02  7.1603389073627151e+00  -1.5672945075656202e+00  4.4959472409019749e-02
1.4187500000000000e+02  7.1607789343911028e+00  -1.5733374408108283e+00  4.4942108179746733e-02
1.4212499999999997e+02  7.1612101894874289e+00  -1.5793848113743314e+00  4.4924786127941450e-02
1.4237499999999997e+02  7.1616350742591157e+00  -1.5854342322884212e+00  4.4907507933622907e-02
1.4262499999999997e+02  7.1620480845484407e+00  -1.5914912007395468e+00  4.4890267110604828e-02
1.4287499999999997e+02  7.1624541960381682e+00  -1.5975507626914016e+00  4.4873067976650451e-02
1.4312499999999997e+02  7.1628516346696678e+00  -1.6036146954507493e+00  4.4855907896658706e-02
1.4337499999999997e+02  7.1632406035179841e+00  -1.6096828045599407e+00  4.4838786257481701e-02
1.4362499999999997e+02  7.1636217248885172e+00  -1.6157544774009933e+00  4.4821702851422042e-02
1.4387499999999997e+02  7.1639934889653700e+00  -1.6218312279460791e+00  4.4804655368094311e-02
1.4412499999999997e+02  7.1643566709714026e+00  -1.6279122910905466e+00  4.4787643754297279e-02
1.4437499999999997e+02  7.1647138087436861e+00  -1.6339951434297180e+00  4.4770669581080037e-02
1.4462499999999997e+02  7.1650593259765332e+00  -1.6400853553617418e+00  4.4753726723296992e-02
1.4487499999999997e+02  7.1653992411998395e+00  -1.6461769314215502e+00  4.4736820014348373e-02
1.4512499999999997e+02  7.1657298232617217e+00  -1.6522736015861210e+00  4.4719945108608612e-02
1.4537499999999997e+02  7.1660535668632193e+00  -1.6583728852844741e+00  4.4703103456151499e-02
1.4562499999999997e+02  7.1663683757084291e+00  -1.6644768818169657e+00  4.4686292287704092e-02
1.4587499999999997e+02  7.1666781491596767e+00  -1.6705817090760311e+00  4.4669514236828675e-02
1.4612499999999997e+02  7.1669773390563689e+00  -1.6766929102090935e+00  4.4652763477517891e-02
1.4637499999999997e+02  7.1672717172068010e+00  -1.6828047348822310e+00  4.4636044248268829e-02
1.4662499999999997e+02  7.1675544932494777e+00  -1.6889239659181863e+00  4.4619349751863283e-02
1.4687499999999997e+02  7.1678321703300494e+00  -1.6950441230581967e+00  4.4602684762625820e-02
1.4712499999999997e+02  7.1681031892313323e+00  -1.7011667699239119e+00  4.4586047024019776e-02
1.4737499999999997e+02  7.1683650662861247e+00  -1.7072943927310384e+00  4.4569433565381192e-02
1.4762499999999997e+02  7.1686200345639888e+00  -1.7134247713987323e+00  4.4552845393962814e-02
1.4787499999999997e+02  7.1688703643538991e+00  -1.7195556484840568e+00  4.4536283468023165e-02
1.4812499999999997e+02  7.1691106415414856e+00  -1.7256924345126565e+00  4.4519742460355401e-02
1.4837499999999997e+02  7.1693437033384964e+00  -1.7318323064319818e+00  4.4503223826344508e-02
1.4862500000000000e+02  7.1695710775975519e+00  -1.7379737475700472e+00  4.4486727885249114e-02
1.4887499999999997e+02  7.1697909556242774e+00  -1.7441185708661695e+00  4.4470252300216610e-02
1.4912499999999997e+02  7.1700049738838123e+00  -1.7502651512124698e+00  4.4453797460666092e-02
1.4937499999999997e+02  7.1702093474791528e+00  -1.7564172739215569e+00  4.4437359545762063e-02
1.4962499999999997e+02  7.1704117861950838e+00  -1.7625672525847169e+00  4.4420943573640286e-02
1.4987499999999997e+02  7.1706042488462041e+00  -1.7687231204506197e+00  4.4404542505559995e-02
1.5012499999999997e+02  7.1707908534923037e+00  -1.7748807756095726e+00  4.4388158579174178e-02
1.5037499999999997e+02  7.1709713226555500e+00  -1.7810405029789926e+00  4.4371790678122788e-02
1.5062499999999997e+02  7.1711458407107873e+00  -1.7872021265158986e+00  4.4355438030325829e-02
1.5087500000000000e+02  7.1713110829542304e+00  -1.7933689727538540e+00  4.4339097341740831e-02
1.5112499999999997e+02  7.1714724491658632e+00  -1.7995356599887524e+00  4.4322771618087536e-02
1.5137499999999997e+02  7.1716272722682035e+00  -1.8057048583298845e+00  4.4306458033008679e-02
1.5162499999999997e+02  7.1717764347685478e+00  -1.8118756948751646e+00  4.4290156312680011e-02
1.5187499999999997e+02  7.1719200643932606e+00  -1.8180480500993266e+00  4.4273865639542824e-02
1.5212499999999997e+02  7.1720564903461872e+00  -1.8242235998620422e+00  4.4257583968729634e-02
1.5237499999999997e+02  7.1721854573890349e+00  -1.8304026070500461e+00  4.4241310264881387e-02
1.5262499999999997e+02  7.1723126097441225e+00  -1.8365794451117892e+00  4.4225047419313719e-02
1.5287499999999997e+02  7.1724307120535764e+00  -1.8427613450375326e+00  4.4208789696565845e-02
1.5312500000000000e+02  7.1725430620787947e+00  -1.8489450227269368e+00  4.4192538421835514e-02
1.5337499999999997e+02  7.1726519015894530e+00  -1.8551282480730142e+00  4.4176294149807976e-02
1.5362499999999997e+02  7.1727501278968040e+00  -1.8613181201858160e+00  4.4160051430012746e-02
1.5387499999999997e+02  7.1728488627543081e+00  -1.8675035433157157e+00  4.4143816480408618e-02
1.5412499999999997e+02  7.1729413095477170e+00  -1.8736913110331797e+00  4.4127584065172192e-02
1.5437499999999997e+02  7.1730234287331207e+00  -1.8798854646693979e+00  4.4111350835303945e-02
1.5462499999999997e+02  7.1731039419518430e+00  -1.8860773042230867e+00  4.4095121319880158e-02
1.5487499999999997e+02  7.1731803785013133e+00  -1.8922693044414483e+00  4.4078893083425476e-02
1.5512499999999997e+02  7.1732499014145450e+00  -1.8984643059878796e+00  4.4062663540228017e-02
1.5537500000000000e+02  7.1733140029865368e+00  -1.9046608268607104e+00  4.4046432734000593e-02
1.5562499999999997e+02  7.1733748225713656e+00  -1.9108567388217783e+00  4.4030201046922089e-02
1.5587499999999997e+02  7.1734287229391178e+00  -1.9170556817826387e+00  4.4013965488628994e-02
1.5612499999999997e+02  7.1734793996692652e+00  -1.9232539734885523e+00  4.3997727336826824e-02
1.5637499999999997e+02  7.1735221969980572e+00  -1.9294562711097414e+00  4.3981483086787183e-02
1.5662499999999997e+02  7.1735620450625017e+00  -1.9356576594458454e+00  4.3965234676932662e-02
1.5687499999999997e+02  7.1735987697144967e+00  -1.9418583203004069e+00  4.3948981131887346e-02
1.5712499999999997e+02  7.1736284381868094e+00  -1.9480621890698646e+00  4.3932719433272288e-02
1.5737499999999997e+02  7.1736527757864073e+00  -1.9542675508478615e+00  4.3916449713591349e-02
1.5762500000000000e+02  7.1736755494084505e+00  -1.9604706516663986e+00  4.3900173142334416e-02
1.5787499999999997e+02  7.1736914057614714e+00  -1.9666768457644690e+00  4.3883886021879842e-02
1.5812499999999997e+02  7.1737053969311866e+00  -1.9728810955705742e+00  4.3867590185740997e-02
1.5837499999999997e+02  7.1737123225731647e+00  -1.9790886027814572e+00  4.3851282098938828e-02
1.5862499999999997e+02  7.1737181704215658e+00  -1.9852933951573069e+00  4.3834964015756026e-02
1.5887499999999997e+02  7.1737179419777837e+00  -1.9915004729389758e+00  4.3818632561342559e-02
1.5912499999999997e+02  7.1737103945321508e+00  -1.9977110854235418e+00  4.3802286344303401e-02
1.5937499999999997e+02  7.1737062047111078e+00  -2.0039145767170661e+00  4.3785929820085306e-02
1.5962499999999997e+02  7.1736933244273162e+00  -2.0101229884875496e+00  4.3769556244395248e-02
1.5987500000000000e+02  7.1736733646503179e+00  -2.0163347198206281e+00  4.3753165669486838e-02
1.6012499999999997e+02  7.1736590089230532e+00  -2.0225371096279083e+00  4.3736763321787969e-02
1.6037499999999997e+02  7.1736340594877905e+00  -2.0287463451268284e+00  4.3720340720121063e-02
1.6062499999999997e+02  7.1736074983989910e+00  -2.0349534624163499e+00  4.3703901320393167e-02
1.6087499999999997e+02  7.1735744719426231e+00  -2.0411633178185231e+00  4.3687442105913930e-02
1.6112499999999997e+02  7.1735387335765344e+00  -2.0473721699661600e+00  4.3670964030020638e-02
1.6137499999999997e+02  7.1734994313476728e+00  -2.0535808778292268e+00  4.3654465931492872e-02
1.6162499999999997e+02  7.1734608889664644e+00  -2.0597851301293000e+00  4.3637948942691268e-02
1.6187499999999997e+02  7.1734186973639336e+00  -2.0659893391889113e+00  4.3621410326648902e-02
1.6212500000000000e+02  7.1733654412189809e+00  -2.0722009208473944e+00  4.3604846179075035e-02
1.6237499999999997e+02  7.1733175507208040e+00  -2.0784034694565650e+00  4.3588262792275852e-02
1.6262499999999997e+02  7.1732621342289882e+00  -2.0846098716518253e+00  4.3571653929172213e-02
1.6287499999999997e+02  7.1732044785512086e+00  -2.0908148538307385e+00  4.3555021096927236e-02
1.6312499999999997e+02  7.1731411058618946e+00  -2.0970218984228164e+00  4.3538362138782517e-02
1.6337499999999997e+02  7.1730816279588252e+00  -2.1032214106215679e+00  4.3521680222985623e-02
1.6362499999999997e+02  7.1730116186100732e+00  -2.1094278110679667e+00  4.3504968821692726e-02
1.6387499999999997e+02  7.1729417286491310e+00  -2.1156304667871382e+00  4.3488231499766369e-02
1.6412499999999997e+02  7.1728749116093802e+00  -2.1218264346577889e+00  4.3471468642619131e-02
1.6437500000000000e+02  7.1727964851887558e+00  -2.1280303918207597e+00  4.3454673884834698e-02
1.6462499999999997e+02  7.1727207477320114e+00  -2.1342280605114281e+00  4.3437852030393846e-02
1.6487499999999997e+02  7.1726397112102154e+00  -2.1404274296815013e+00  4.3420999357600173e-02
1.6512499999999997e+02  7.1725596841133896e+00  -2.1466222041081213e+00  4.3404117529249407e-02
1.6537499999999997e+02  7.1724719451337373e+00  -2.1528211057076563e+00  4.3387202682384086e-02
1.6562499999999997e+02  7.1723868081668956e+00  -2.1590138370067642e+00  4.3370257893044509e-02
1.6587499999999997e+02  7.1722949220822327e+00  -2.1652097494009914e+00  4.3353279145523498e-02
1.6612499999999997e+02  7.1722073078632347e+00  -2.1713978385750106e+00  4.3336269670124786e-02
1.6637499999999997e+02  7.1721109253829267e+00  -2.1775911422644647e+00  4.3319224275165248e-02
1.6662500000000000e+02  7.1720166045085598e+00  -2.1837788469099246e+00  4.3302146061039479e-02
1.6687499999999997e+02  7.1719204406122614e+00  -2.1899648619473244e+00  4.3285033039216818e-02
1.6712499999999997e+02  7.1718208048447947e+00  -2.1961508228916031e+00  4.3267884048034840e-02
1.6737499999999997e+02  7.1717185365748106e+00  -2.2023358988907678e+00  4.3250698761416913e-02
1.6762499999999997e+02  7.1716155072511620e+00  -2.2085182276960009e+00  4.3233477173146968e-02
1.6787499999999997e+02  7.1715088737491657e+00  -2.2147006582644631e+00  4.3216217771140687e-02
1.6812499999999997e+02  7.1714050730112033e+00  -2.2208767659541362e+00  4.3198921975434131e-02
1.6837499999999997e+02  7.1712904712807815e+00  -2.2270601830435117e+00  4.3181584972338684e-02
1.6862499999999997e+02  7.1711839355796823e+00  -2.2332320631093450e+00  4.3164211980287144e-02
1.6887500000000000e+02  7.1710781792446285e+00  -2.2393996955791633e+00  4.3146800134849929e-02
1.6912499999999997e+02  7.1709592282864003e+00  -2.2455770532719956e+00  4.3129344747733729e-02
1.6937499999999997e+02  7.1708454610567331e+00  -2.2517457775524070e+00  4.3111850707757755e-02
1.6962499999999997e+02  7.1707304638010303e+00  -2.2579122858117251e+00  4.3094315554519737e-02
1.6987499999999997e+02  7.1706161055218498e+00  -2.2640747179701193e+00  4.3076739262474184e-02
1.7012499999999997e+02  7.1705006681595354e+00  -2.2702347987974307e+00  4.3059120796394394e-02
1.7037499999999997e+02  7.1703824696023721e+00  -2.2763942172035936e+00  4.3041459165207012e-02
1.7062499999999997e+02  7.1702668908762739e+00  -2.2825476030713530e+00  4.3023755303787777e-02
1.7087499999999997e+02  7.1701353577581912e+00  -2.2887135278325870e+00  4.3006003754049997e-02
1.7112500000000000e+02  7.1700200730021155e+00  -2.2948598147357684e+00  4.2988212546682565e-02
1.7137499999999997e+02  7.1698986207655802e+00  -2.3010088746999928e+00  4.2970375241379338e-02
1.7162499999999997e+02  7.1697740266006047e+00  -2.3071576916917556e+00  4.2952492170730452e-02
1.7187499999999997e+02  7.1696562675336040e+00  -2.3132963017028909e+00  4.2934565346668861e-02
1.7212499999999997e+02  7.1695238751313628e+00  -2.3194461696688253e+00  4.2916588961743433e-02
1.7237499999999997e+02  7.1693971080707479e+00  -2.3255870552301463e+00  4.2898567570767883e-02
1.7262499999999997e+02  7.1692840153836075e+00  -2.3317109208628133e+00  4.2880502542333540e-02
1.7287499999999997e+02  7.1691498441783654e+00  -2.3378525099329144e+00  4.2862385168489205e-02
1.7312499999999997e+02  7.1690245451481101e+00  -2.3439818942495192e+00  4.2844222092327966e-02
1.7337499999999997e+02  7.1689099595614953e+00  -2.3500972408324907e+00  4.2826013182675086e-02
1.7362499999999997e+02  7.1687858362812387e+00  -2.3562187989447336e+00  4.2807753391904131e-02
1.7387499999999997e+02  7.1686584267121853e+00  -2.3623403279070048e+00  4.2789443760892915e-02
1.7412499999999997e+02  7.1685307565894965e+00  -2.3684588110552101e+00  4.2771084550959494e-02
1.7437499999999997e+02  7.1684049410482453e+00  -2.3745721418223247e+00  4.2752675800811983e-02
1.7462500000000000e+02  7.1682820767972162e+00  -2.3806792315546694e+00  4.2734217310598101e-02
1.7487499999999997e+02  7.1681525884951309e+00  -2.3867896591896427e+00  4.2715706699051469e-02
1.7512499999999997e+02  7.1680327723083215e+00  -2.3928871429622722e+00  4.2697146917562719e-02
1.7537499999999997e+02  7.1679119896057681e+00  -2.3989823246565711e+00  4.2678535389084900e-02
1.7562499999999997e+02  7.1677760305059923e+00  -2.4050894162545675e+00  4.2659868994549391e-02
1.7587499999999997e+02  7.1676628417186139e+00  -2.4111704934834313e+00  4.2641154756653109e-02
1.7612499999999997e+02  7.1675293372650239e+00  -2.4172686332839652e+00  4.2622384025063721e-02
1.7637499999999997e+02  7.1674088989284845e+00  -2.4233504741368490e+00  4.2603562792138221e-02
1.7662499999999997e+02  7.1672908568145752e+00  -2.4294266893918919e+00  4.2584688665939341e-02
1.7687500000000000e+02  7.1671734055410434e+00  -2.4354990913104313e+00  4.2565760972606052e-02
1.7712499999999997e+02  7.1670612768764546e+00  -2.4415629572904929e+00  4.2546780207273226e-02
1.7737499999999997e+02  7.1669448143869596e+00  -2.4476279479569429e+00  4.2527744355118018e-02
1.7762499999999997e+02  7.1668205159759761e+00  -2.4536975718894576e+00  4.2508652562140078e-02
1.7787499999999997e+02  7.1667020851422940e+00  -2.4597581376918098e+00  4.2489506866140253e-02
1.7812499999999997e+02  7.1665939525394000e+00  -2.4658052234934726e+00  4.2470307637751892e-02
1.7837499999999997e+02  7.1664740414432071e+00  -2.4718609065233026e+00  4.2451050993249896e-02
1.7862499999999997e+02  7.1663572542351419e+00  -2.4779102966277082e+00  4.2431739094476506e-02
1.7887499999999997e+02  7.1662467860258179e+00  -2.4839502070525037e+00  4.2412372130559768e-02
1.7912500000000000e+02  7.1661424529246895e+00  -2.4899808289895140e+00  4.2392949763958056e-02
1.7937499999999997e+02  7.1660285281880469e+00  -2.4960178921113800e+00  4.2373469378354192e-02
1.7962499999999997e+02  7.1659321954086543e+00  -2.5020342279266736e+00  4.2353934734139259e-02
1.7987499999999997e+02  7.1658258716037038e+00  -2.5080574191343472e+00  4.2334341550628506e-02
1.8012499999999997e+02  7.1657173768453948e+00  -2.5140796553314799e+00  4.2314690768790873e-02
1.8037499999999997e+02  7.1656282799217061e+00  -2.5200793807101118e+00  4.2294985119466798e-02
1.8062499999999997e+02  7.1655341415628229e+00  -2.5260810354938270e+00  4.2275220979539237e-02
1.8087499999999997e+02  7.1654308510659881e+00  -2.5320887368769194e+00  4.2255397655905233e-02
1.8112499999999997e+02  7.1653232743876556e+00  -2.5380976276078120e+00  4.2235515645564124e-02
1.8137500000000000e+02  7.1652356683998075e+00  -2.5440834638994003e+00  4.2215577832467953e-02
1.8162499999999997e+02  7.1651444548055752e+00  -2.5500698257250667e+00  4.2195580991416008e-02
1.8187499999999997e+02  7.1650558712026271e+00  -2.5560504842796465e+00  4.2175525728670907e-02
1.8212499999999997e+02  7.1649694260309111e+00  -2.5620259383123187e+00  4.2155411801077798e-02
1.8237499999999997e+02  7.1648976168653240e+00  -2.5679837001688286e+00  4.2135240472076105e-02
1.8262499999999997e+02  7.1648149201978590e+00  -2.5739492952086911e+00  4.2115008618999847e-02
1.8287499999999997e+02  7.1647392758773440e+00  -2.5799047946387312e+00  4.2094718151444638e-02
1.8312499999999997e+02  7.1646630401397351e+00  -2.5858578479163388e+00  4.2074368063050718e-02
1.8337499999999997e+02  7.1645864927142924e+00  -2.5918081826510355e+00  4.2053958264224041e-02
1.8362500000000000e+02  7.1645188316137158e+00  -2.5977466097939139e+00  4.2033489579927467e-02
1.8387499999999997e+02  7.1644526081250923e+00  -2.6036805838411050e+00  4.2012961093965732e-02
1.8412499999999997e+02  7.1644010892545547e+00  -2.6095968473195095e+00  4.1992373987089139e-02
1.8437499999999997e+02  7.1643479514604920e+00  -2.6155117280095532e+00  4.1971726504908373e-02
1.8462499999999997e+02  7.1642817681907802e+00  -2.6214366577994954e+00  4.1951017497691312e-02
1.8487499999999997e+02  7.1642393764831382e+00  -2.6273348129698499e+00  4.1930250337920499e-02
1.8512499999999997e+02  7.1641843045991838e+00  -2.6332426663986901e+00  4.1909421541448645e-02
1.8537499999999997e+02  7.1641351372119830e+00  -2.6391416435822466e+00  4.1888532739704110e-02
1.8562499999999994e+02  7.1641056142826578e+00  -2.6450180136712231e+00  4.1867584999267543e-02
1.8587500000000000e+02  7.1640638405392245e+00  -2.6509036742375298e+00  4.1846575506366307e-02
1.8612499999999997e+02  7.1640157838195959e+00  -2.6567926655537426e+00  4.1825504769840351e-02
1.8637499999999997e+02  7.1639760457065513e+00  -2.6626703952102120e+00  4.1804373940260174e-02
1.8662499999999997e+02  7.1639690013486677e+00  -2.6685124982631283e+00  4.1783184796865207e-02
1.8687499999999994e+02  7.1639570330965681e+00  -2.6743565942459155e+00  4.1761934313125373e-02
1.8712499999999997e+02  7.1639234710139439e+00  -2.6802193581508202e+00  4.1740621290696771e-02
1.8737499999999997e+02  7.1639144379230135e+00  -2.6860546800092409e+00  4.1719249105569713e-02
1.8762499999999997e+02  7.1639110154047971e+00  -2.6918814827897410e+00  4.1697816306058268e-02
1.8787500000000000e+02  7.1639013672360052e+00  -2.6977116083380568e+00  4.1676322070870839e-02
1.8812500000000000e+02  7.1639052988927006e+00  -2.7035252604266211e+00  4.1654767735821566e-02
1.8837499999999997e+02  7.1639115114746872e+00  -2.7093337436018370e+00  4.1633152522330963e-02
1.8862499999999997e+02  7.1638877047427458e+00  -2.7151693617346790e+00  4.1611474454388432e-02
1.8887499999999997e+02  7.1639156985887791e+00  -2.7209503103349419e+00  4.1589738604760930e-02
1.8912500000000000e+02  7.1639400077735953e+00  -2.7267320757306570e+00  4.1567941517983077e-02
1.8937499999999997e+02  7.1639582033986127e+00  -2.7325170935654541e+00  4.1546083118918720e-02
1.8962499999999997e+02  7.1639847159340340e+00  -2.7382909416315879e+00  4.1524164269644920e-02
1.8987499999999997e+02  7.1640651877328390e+00  -2.7440079883693729e+00  4.1502187401366450e-02
1.9012499999999994e+02  7.1640657903976965e+00  -2.7498020573343362e+00  4.1480145439111230e-02
1.9037500000000000e+02  7.1641136017232148e+00  -2.7555460886061023e+00  4.1458045156645078e-02
1.9062499999999997e+02  7.1641678887575333e+00  -2.7612808183840740e+00  4.1435884435762793e-02
1.9087499999999997e+02  7.1642420556551683e+00  -2.7669928503083390e+00  4.1413663951360105e-02
1.9112499999999997e+02  7.1642832461257449e+00  -2.7727350434757052e+00  4.1391381307451527e-02
1.9137499999999994e+02  7.1643872651561802e+00  -2.7784116066809759e+00  4.1369040929773511e-02
1.9162499999999997e+02  7.1644440466589687e+00  -2.7841326048685113e+00  4.1346637984982317e-02
1.9187499999999997e+02  7.1645024823428747e+00  -2.7898491566429446e+00  4.1324174778821818e-02
1.9212499999999997e+02  7.1646270468309901e+00  -2.7954967981412464e+00  4.1301653947720750e-02
1.9237500000000000e+02  7.1646799001455426e+00  -2.8012133673071005e+00  4.1279070086122624e-02
1.9262500000000000e+02  7.1648328926903186e+00  -2.8068270308934773e+00  4.1256429912363217e-02
1.9287499999999997e+02  7.1649067403958577e+00  -2.8125170690245440e+00  4.1233726806865004e-02
1.9312499999999997e+02  7.1650231098993720e+00  -2.8181618287643104e+00  4.1210965357245923e-02
1.9337499999999997e+02  7.1651053072621202e+00  -2.8238380065174078e+00  4.1188143018389148e-02
1.9362500000000000e+02  7.1652719465979331e+00  -2.8294270008397193e+00  4.1165263802980287e-02
1.9387499999999997e+02  7.1654766239716752e+00  -2.8349752195929057e+00  4.1142326136555822e-02
1.9412499999999997e+02  7.1656330368986243e+00  -2.8405689677794865e+00  4.1119327520205792e-02
1.9437499999999997e+02  7.1657744732634852e+00  -2.8461749658290834e+00  4.1096269214007011e-02
1.9462499999999994e+02  7.1658592739138944e+00  -2.8518348778553753e+00  4.1073150312975933e-02
1.9487500000000000e+02  7.1660578169136739e+00  -2.8573783393440162e+00  4.1049975562663071e-02
1.9512499999999997e+02  7.1662417553466122e+00  -2.8629336983298312e+00  4.1026741590094076e-02
1.9537499999999997e+02  7.1664183859508963e+00  -2.8684936649462265e+00  4.1003448795617535e-02
1.9562500000000000e+02  7.1666248028835620e+00  -2.8740211528378223e+00  4.0980098219667999e-02
1.9587499999999994e+02  7.1668330303836667e+00  -2.8795441432063154e+00  4.0956689354885216e-02
1.9612499999999997e+02  7.1669642834098966e+00  -2.8851414251374101e+00  4.0933220763715139e-02
1.9637499999999997e+02  7.1671649285149428e+00  -2.8906666431665156e+00  4.0909695744570505e-02
1.9662499999999997e+02  7.1674272115983104e+00  -2.8961275572953564e+00  4.0886114151919152e-02
1.9687500000000000e+02  7.1676357489092277e+00  -2.9016395543909588e+00  4.0862473965565770e-02
1.9712499999999994e+02  7.1678556875615440e+00  -2.9071374955896068e+00  4.0838776642944705e-02
1.9737499999999997e+02  7.1680694159531546e+00  -2.9126389984181493e+00  4.0815022088291589e-02
1.9762499999999997e+02  7.1684010200710579e+00  -2.9180199860297606e+00  4.0791212424395207e-02
1.9787499999999997e+02  7.1684783835863835e+00  -2.9236525728576974e+00  4.0767342215374834e-02
1.9812500000000000e+02  7.1690465612148717e+00  -2.9287917261382743e+00  4.0743422462094905e-02
1.9837499999999997e+02  7.1691670749461158e+00  -2.9343759110449144e+00  4.0719440167507261e-02
1.9862499999999997e+02  7.1694115945942185e+00  -2.9398334755609046e+00  4.0695403525883911e-02
1.9887499999999997e+02  7.1697825870369982e+00  -2.9451619586934963e+00  4.0671312526972633e-02
1.9912499999999994e+02  7.1701645447496949e+00  -2.9504768720621981e+00  4.0647165910938352e-02
1.9937500000000000e+02  7.1705676366726907e+00  -2.9557680530793524e+00  4.0622964009763736e-02
1.9962499999999997e+02  7.1708374299703967e+00  -2.9611899386914464e+00  4.0598705585806825e-02
1.9987499999999997e+02  7.1713896873793992e+00  -2.9663267778750253e+00  4.0574394805141752e-02
2.0012500000000000e+02  7.1716815125128521e+00  -2.9717214662234754e+00  4.0550026971742335e-02
2.0037499999999994e+02  7.1720848253065483e+00  -2.9770020945976592e+00  4.0525605643499829e-02
2.0062499999999997e+02  7.1721057269284056e+00  -2.9826625628496930e+00  4.0501127412931721e-02
2.0087499999999997e+02  7.1727427105346750e+00  -2.9877043938490182e+00  4.0476599681239636e-02
2.0112499999999997e+02  7.1729677706392057e+00  -2.9931555892766721e+00  4.0452015574916886e-02
2.0137500000000000e+02  7.1734452686767298e+00  -2.9983517997013562e+00  4.0427379661218184e-02
2.0162499999999994e+02  7.1739044523393849e+00  -3.0035637811215903e+00  4.0402690489901173e-02
2.0187499999999997e+02  7.1743781536909443e+00  -3.0087587077708839e+00  4.0377948524789438e-02
2.0212499999999997e+02  7.1749914511250159e+00  -3.0138115079618903e+00  4.0353154565703708e-02
2.0237499999999997e+02  7.1755885452227623e+00  -3.0188779860989099e+00  4.0328308146833025e-02
2.0262500000000000e+02  7.1760345765402827e+00  -3.0240930070459680e+00  4.0303409135333930e-02
2.0287499999999997e+02  7.1761350184523955e+00  -3.0296511028716115e+00  4.0278457408931816e-02
2.0312499999999997e+02  7.1764317799749868e+00  -3.0350103729364029e+00  4.0253455084998203e-02
2.0337499999999997e+02  7.1777769755506275e+00  -3.0393187111082316e+00  4.0228404292025802e-02
2.0362499999999994e+02  7.1779988551075808e+00  -3.0447478661483967e+00  4.0203299851032610e-02
2.0387500000000000e+02  7.1789747049345261e+00  -3.0494205634417826e+00  4.0178146459377659e-02
2.0412499999999997e+02  7.1796180117879587e+00  -3.0544233190809957e+00  4.0152942143677914e-02
2.0437499999999997e+02  7.1789683693973139e+00  -3.0607165439325179e+00  4.0127686210175560e-02
2.0462500000000000e+02  7.1799659958844986e+00  -3.0653600310504663e+00  4.0102383072869140e-02
2.0487499999999994e+02  7.1798683724577739e+00  -3.0710963004375147e+00  4.0077029514653403e-02
2.0512499999999997e+02  7.1817163148694467e+00  -3.0748845457699447e+00  4.0051628699330169e-02
2.0537499999999997e+02  7.1843856375141160e+00  -3.0778489564049778e+00  4.0026179336526885e-02
2.0562499999999997e+02  7.1847925475097014e+00  -3.0830733288383043e+00  4.0000680155077711e-02
2.0587500000000000e+02  7.1850403822788449e+00  -3.0884543336964398e+00  3.9975133069696876e-02
2.0612499999999994e+02  7.1879078340949025e+00  -3.0912132849470719e+00  3.9949539054772665e-02
2.0637499999999997e+02  7.1775459573900315e+00  -3.1071991301744251e+00  3.9923895591769266e-02
2.0662499999999997e+02  7.1824529830443122e+00  -3.1079136505778791e+00  3.9898207807763444e-02
2.0687499999999997e+02  7.1967502417835467e+00  -3.0992355172793697e+00  3.9872473205820318e-02
2.0712500000000000e+02  7.1592488033053581e+00  -3.1423536654268514e+00  3.9846691204933997e-02
2.0737499999999997e+02  6.3818907917858496e+00  -3.8988711107339857e+00  3.9820865369717108e-02
2.0762499999999997e+02  7.3663593466999915e+00  -2.9464693235664017e+00  3.9794992594100888e-02
2.0787499999999997e+02  7.2179933693736276e+00  -3.1004448000960205e+00  3.9769074233581753e-02
2.0812499999999994e+02  7.1898226919865502e+00  -3.1342225852057415e+00  3.9743110697736748e-02
2.0837500000000000e+02  7.1802379916881209e+00  -3.1494120063350977e+00  3.9717102726747465e-02
2.0862499999999997e+02  7.1797398277777189e+00  -3.1555125112853752e+00  3.9691051697823561e-02
2.0887499999999997e+02  7.1795305061331662e+00  -3.1613217989511662e+00  3.9664957411204814e-02
2.0912500000000000e+02  7.1712617392997782e+00  -3.1751881584098518e+00  3.9638816820286887e-02
2.0937499999999994e+02  7.1660860549923884e+00  -3.1859590711420323e+00  3.9612633552758666e-02
2.0962499999999997e+02  7.1656679208684633e+00  -3.1919700778110505e+00  3.9586410287900886e-02
2.0987499999999997e+02  7.1607647644022769e+00  -3.2024637493762960e+00  3.9560141469832520e-02
2.1012499999999997e+02  7.1575289402322184e+00  -3.2112877416370371e+00  3.9533831695365083e-02
2.1037500000000000e+02  7.1565966565650854e+00  -3.2178058536865013e+00  3.9507483031613243e-02
2.1062499999999994e+02  7.1527537847097689e+00  -3.2272322124220301e+00  3.9481089635734046e-02
2.1087499999999997e+02  7.1494236217281193e+00  -3.2361435307034783e+00  3.9454655807501474e-02
2.1112499999999997e+02  7.1468203545383435e+00  -3.2443256278729402e+00  3.9428182683146649e-02
2.1137499999999997e+02  7.1438904779750878e+00  -3.2528320123694865e+00  3.9401668881396824e-02
2.1162500000000000e+02  7.1416804229061759e+00  -3.2606162613426339e+00  3.9375117132515951e-02
2.1187499999999997e+02  7.1390966691712636e+00  -3.2687718975387110e+00  3.9348525434586765e-02
2.1212499999999997e+02  7.1352525248639402e+00  -3.2781856147302681e+00  3.9321891169515483e-02
2.1237499999999997e+02  7.1326837479409564e+00  -3.2863216686332835e+00  3.9295222134817807e-02
2.1262499999999994e+02  7.1299915011321042e+00  -3.2945788973180412e+00  3.9268514775449417e-02
2.1287500000000000e+02  7.1268495923452431e+00  -3.3032834965049407e+00  3.9241768070237874e-02
2.1312499999999997e+02  7.1238252619684568e+00  -3.3118682333357912e+00  3.9214984474136350e-02
2.1337499999999997e+02  7.1209880092115867e+00  -3.3202636143374393e+00  3.9188164862425094e-02
2.1362500000000000e+02  7.1177782944455368e+00  -3.3290291813834356e+00  3.9161306979277860e-02
2.1387499999999994e+02  7.1145277267307634e+00  -3.3378333321641867e+00  3.9134412663895939e-02
2.1412499999999997e+02  7.1115851870571847e+00  -3.3463271930991572e+00  3.9107484383760903e-02
2.1437499999999997e+02  7.1084261310642107e+00  -3.3550353104494399e+00  3.9080519589045182e-02
2.1462499999999997e+02  7.1056167206815841e+00  -3.3633915313309224e+00  3.9053522326075896e-02
2.1487500000000000e+02  7.1022150418681873e+00  -3.3723377680012261e+00  3.9026486615722424e-02
2.1512499999999994e+02  7.0991115324175249e+00  -3.3809835943582485e+00  3.8999419016855871e-02
2.1537499999999997e+02  7.0959343558001899e+00  -3.3897008491804828e+00  3.8972317325785884e-02
2.1562499999999997e+02  7.0929646527592398e+00  -3.3982083992972032e+00  3.8945184344641962e-02
2.1587499999999997e+02  7.0895115696089785e+00  -3.4071970970494871e+00  3.8918014455424109e-02
2.1612500000000000e+02  7.0863396048163487e+00  -3.4159024561141242e+00  3.8890814837589847e-02
2.1637499999999997e+02  7.0829078233548826e+00  -3.4248654111717691e+00  3.8863580826843082e-02
2.1662499999999997e+02  7.0796161270808762e+00  -3.4336860694742355e+00  3.8836316799123596e-02
2.1687499999999997e+02  7.0763230743036534e+00  -3.4425058762678566e+00  3.8809021838075719e-02
2.1712499999999997e+02  7.0728613444843962e+00  -3.4514921550327160e+00  3.8781694418267405e-02
2.1737500000000000e+02  7.0695166746795239e+00  -3.4603591770499902e+00  3.8754338295813304e-02
2.1762499999999997e+02  7.0660501302536955e+00  -3.4693458789284208e+00  3.8726951026357793e-02
2.1787499999999997e+02  7.0625588079812180e+00  -3.4783551699757571e+00  3.8699534200517492e-02
2.1812500000000000e+02  7.0591236633771040e+00  -3.4873061007149198e+00  3.8672089410082121e-02
2.1837499999999994e+02  7.0554385390862260e+00  -3.4965048289558984e+00  3.8644612694156387e-02
2.1862499999999997e+02  7.0520633323835975e+00  -3.5053914705128557e+00  3.8617112747315933e-02
2.1887499999999997e+02  7.0484375275643671e+00  -3.5145265375518928e+00  3.8589581610817221e-02
2.1912499999999997e+02  7.0448031088770149e+00  -3.5236680542567815e+00  3.8562023357959115e-02
2.1937500000000000e+02  7.0412069996361959e+00  -3.5327691029342692e+00  3.8534439287698820e-02
2.1962499999999994e+02  7.0373154009012113e+00  -3.5421634815727892e+00  3.8506823949604321e-02
2.1987499999999997e+02  7.0335959961969818e+00  -3.5513835194162668e+00  3.8479186017995277e-02
2.2012499999999997e+02  7.0298350255107982e+00  -3.5606429775816522e+00  3.8451522196507805e-02
2.2037499999999997e+02  7.0260764654188206e+00  -3.5698978850459451e+00  3.8423833796739991e-02
2.2062500000000000e+02  7.0221233889114627e+00  -3.5793451697093364e+00  3.8396117246774095e-02
2.2087499999999994e+02  7.0184012036229442e+00  -3.5885594369814218e+00  3.8368381796155794e-02
2.2112499999999997e+02  7.0143879953500132e+00  -3.5980625953249588e+00  3.8340616872531937e-02
2.2137499999999997e+02  7.0104648987937788e+00  -3.6074735224139842e+00  3.8312831109107055e-02
2.2162499999999997e+02  7.0064128472169216e+00  -3.6170112850435685e+00  3.8285020054100366e-02
