# q = 1.8153361174005404e+01 m1 = 9.4778984268530453e-01 m2 = 5.2210157314695332e-02 chi1 = 9.3312665151825458e-01 chi2 = 4.2824963485893319e-02 lm = 33 Mtot = 2.7453213230060959e+02 distance = 7.9370079055085316e+03
#fHz   cexp_i_alpha(re im)   cexp_i_epsilon(re im)    cexp_i_betah(re im)
1.3250000000000000e+01  -8.4381691758586186e+00  -1.2488663610838866e+01  3.3703587152303614e-02
1.3375000000000000e+01  -8.3106383924763279e+00  -1.2366790177961148e+01  3.4081462543258348e-02
1.3500000000000002e+01  -8.1815219528385814e+00  -1.2243325278579329e+01  3.4611936909698916e-02
1.3625000000000000e+01  -8.0499707545919019e+00  -1.2117425050934949e+01  3.5257326336112838e-02
1.3750000000000000e+01  -7.9156247172167289e+00  -1.1988733234068203e+01  3.5978102659004779e-02
1.3875000000000000e+01  -7.7785141533296160e+00  -1.1857282531874812e+01  3.6735964558953262e-02
1.4000000000000002e+01  -7.6389428035755911e+00  -1.1723377710069851e+01  3.7495945905413310e-02
1.4124999999999998e+01  -7.4973811886568891e+00  -1.1587489064873608e+01  3.8227642357710173e-02
1.4250000000000000e+01  -7.3543833200050512e+00  -1.1450169290123554e+01  3.8905750386084570e-02
1.4375000000000000e+01  -7.2105286894967415e+00  -1.1311995649122650e+01  3.9510131533846665e-02
1.4500000000000000e+01  -7.0663857664383967e+00  -1.1173533667028357e+01  4.0025582822894132e-02
1.4625000000000002e+01  -6.9224914990350577e+00  -1.1035316830445094e+01  4.0441445383592921e-02
1.4750000000000000e+01  -6.7793417390585020e+00  -1.0897837203686507e+01  4.0751141857354907e-02
1.4875000000000000e+01  -6.6373884645182297e+00  -1.0761542830055845e+01  4.0951695532144984e-02
1.5000000000000000e+01  -6.4970409461105811e+00  -1.0626839058508724e+01  4.1043264242024112e-02
1.5125000000000002e+01  -6.3586688724267084e+00  -1.0494091807518853e+01  4.1028704456395684e-02
1.5249999999999998e+01  -6.2226061730073949e+00  -1.0363631503374350e+01  4.0913171738420073e-02
1.5375000000000000e+01  -6.0891547479542032e+00  -1.0235756901001265e+01  4.0703759000509189e-02
1.5500000000000000e+01  -5.9585875953355387e+00  -1.0110738279096458e+01  4.0409170672621765e-02
1.5625000000000000e+01  -5.8311510322619498e+00  -9.9888197066239854e+00  4.0039427643654986e-02
1.5750000000000002e+01  -5.7070657835812586e+00  -9.8702201566169201e+00  3.9605599301305083e-02
1.5875000000000000e+01  -5.5865268246494102e+00  -9.7551333558135020e+00  3.9119555808709919e-02
1.6000000000000000e+01  -5.4697018270814155e+00  -9.6437262219617867e+00  3.8593736374734344e-02
1.6125000000000000e+01  -5.3567282663133051e+00  -9.5361359496144615e+00  3.8040925552117848e-02
1.6250000000000000e+01  -5.2477091798476243e+00  -9.4324657363143807e+00  3.7474033955522977e-02
1.6375000000000000e+01  -5.1427077305216304e+00  -9.3327793060771391e+00  3.6905877821738743e-02
1.6500000000000000e+01  -5.0417410150271902e+00  -9.2370946720566209e+00  3.6348954070424204e-02
1.6625000000000000e+01  -4.9447735244478510e+00  -9.1453775480721333e+00  3.5815209777094230e-02
1.6750000000000000e+01  -4.8517111313895667e+00  -9.0575352847156232e+00  3.5315807646553656e-02
1.6875000000000000e+01  -4.7623964786462842e+00  -8.9734122070539541e+00  3.4860891856930282e-02
1.7000000000000000e+01  -4.6766069173484182e+00  -8.8927875027386740e+00  3.4459363911430271e-02
1.7125000000000000e+01  -4.5940559198852640e+00  -8.8153765874071865e+00  3.4118678396829138e-02
1.7250000000000000e+01  -4.5143988234940942e+00  -8.7408368035745081e+00  3.3844674716931103e-02
1.7375000000000000e+01  -4.4372431013250679e+00  -8.6687776508302097e+00  3.3641457368961507e-02
1.7500000000000000e+01  -4.3621627990882841e+00  -8.5987751857146257e+00  3.3511337092609443e-02
1.7625000000000000e+01  -4.2887160624022744e+00  -8.5303895165769479e+00  3.3454843000282862e-02
1.7750000000000000e+01  -4.2164640458142255e+00  -8.4631836847145845e+00  3.3470802708438857e-02
1.7875000000000000e+01  -4.1449893105621864e+00  -8.3967420386224738e+00  3.3556490445274374e-02
1.8000000000000000e+01  -4.0739118353162160e+00  -8.3306862255897265e+00  3.3707826645701607e-02
1.8125000000000000e+01  -4.0029012159176585e+00  -8.2646873765304587e+00  3.3919617551306569e-02
1.8250000000000000e+01  -3.9316843343735961e+00  -8.1984737638525580e+00  3.4185810921424059e-02
1.8375000000000000e+01  -3.8600483962823455e+00  -8.1318338314368894e+00  3.4499755260204559e-02
1.8500000000000000e+01  -3.7878398703167129e+00  -8.0646151299813980e+00  3.4854444778186659e-02
1.8625000000000000e+01  -3.7149602398218144e+00  -7.9967200673732748e+00  3.5242738941087745e-02
1.8750000000000000e+01  -3.6413596036927167e+00  -7.9280995109656649e+00  3.5657550100404882e-02
1.8875000000000000e+01  -3.5670291896117812e+00  -7.8587453041603297e+00  3.6091995294869811e-02
1.9000000000000000e+01  -3.4919934559696086e+00  -7.7886823741996700e+00  3.6539515305402094e-02
1.9125000000000000e+01  -3.4163026319346299e+00  -7.7179612790325764e+00  3.6993959326737283e-02
1.9250000000000000e+01  -3.3400259230164027e+00  -7.6466514212352044e+00  3.7449642585046593e-02
1.9375000000000000e+01  -3.2632456310283118e+00  -7.5748351774204608e+00  3.7901380120188025e-02
1.9500000000000000e+01  -3.1860523142594923e+00  -7.5026030683053495e+00  3.8344501232741947e-02
1.9625000000000000e+01  -3.1085408953712754e+00  -7.4300498770782095e+00  3.8774849453243637e-02
1.9750000000000000e+01  -3.0308076030830744e+00  -7.3572716021055573e+00  3.9188771182705223e-02
1.9875000000000000e+01  -2.9529477492303666e+00  -7.2843632445681763e+00  3.9583096827772862e-02
2.0000000000000000e+01  -2.8750540582623234e+00  -7.2114171489874064e+00  3.9955116172943693e-02
2.0125000000000000e+01  -2.7972155696763474e+00  -7.1385219160396396e+00  4.0302551043279476e-02
2.0250000000000004e+01  -2.7195169048526227e+00  -7.0657616796976459e+00  4.0623525897241032e-02
2.0375000000000000e+01  -2.6420378492438328e+00  -6.9932156992614249e+00  4.0916537766502788e-02
2.0500000000000000e+01  -2.5648531690282210e+00  -6.9209581853323723e+00  4.1180426361209735e-02
2.0625000000000000e+01  -2.4880326128026171e+00  -6.8490583101423548e+00  4.1414345583745397e-02
2.0750000000000000e+01  -2.4116410089105207e+00  -6.7775803130999037e+00  4.1617735421528919e-02
2.0875000000000000e+01  -2.3357384630589388e+00  -6.7065837058464339e+00  4.1790295943172094e-02
2.1000000000000000e+01  -2.2603805955590932e+00  -6.6361235163852044e+00  4.1931962172605385e-02
2.1125000000000000e+01  -2.1856188197981270e+00  -6.5662505736936865e+00  4.2042881091293560e-02
2.1250000000000000e+01  -2.1115006329370365e+00  -6.4970118039203211e+00  4.2123390441610314e-02
2.1375000000000004e+01  -2.0380699032654981e+00  -6.4284505226376538e+00  4.2173998629085191e-02
2.1500000000000000e+01  -1.9653671544169142e+00  -6.3606067233014656e+00  4.2195365970800813e-02
2.1625000000000000e+01  -1.8934298412138764e+00  -6.2935173567029832e+00  4.2188287794120975e-02
2.1750000000000000e+01  -1.8222926051254886e+00  -6.2272165894910128e+00  4.2153679453090377e-02
2.1875000000000000e+01  -1.7519875090090065e+00  -6.1617360414457769e+00  4.2092561746514087e-02
2.2000000000000000e+01  -1.6825442541831312e+00  -6.0971050045486717e+00  4.2006047600339061e-02
2.2125000000000000e+01  -1.6139903911798121e+00  -6.0333506551286487e+00  4.1895328963743657e-02
2.2250000000000000e+01  -1.5463514685817643e+00  -5.9704982039843113e+00  4.1761668128205490e-02
2.2375000000000000e+01  -1.4796512133319879e+00  -5.9085710771325797e+00  4.1606385260745102e-02
2.2500000000000000e+01  -1.4139116325806576e+00  -5.8475910181924453e+00  4.1430850966817659e-02
2.2625000000000000e+01  -1.3491531494816773e+00  -5.7875782239318143e+00  4.1236476244321543e-02
2.2750000000000000e+01  -1.2853946892344179e+00  -5.7285514299982179e+00  4.1024705051321976e-02
2.2875000000000000e+01  -1.2226537246722955e+00  -5.6705279560863717e+00  4.0797007734291825e-02
2.3000000000000000e+01  -1.1609463465506364e+00  -5.6135237752131921e+00  4.0554873494352377e-02
2.3125000000000000e+01  -1.1002872934802552e+00  -5.5575535426016938e+00  4.0299804270139065e-02
2.3250000000000000e+01  -1.0406899412549568e+00  -5.5026305839517615e+00  4.0033309332375665e-02
2.3375000000000000e+01  -9.8216631148302325e-01  -5.4487669025679581e+00  3.9756899444722035e-02
2.3500000000000000e+01  -9.2472703310456295e-01  -5.3959731394786061e+00  3.9472081937931482e-02
2.3625000000000004e+01  -8.6838127953526212e-01  -5.3442585091240780e+00  3.9180355936095201e-02
2.3749999999999996e+01  -8.1313674871738884e-01  -5.2936307774393541e+00  3.8883207333533253e-02
2.3874999999999996e+01  -7.5899951793760567e-01  -5.2440961154461521e+00  3.8582104804200511e-02
2.4000000000000000e+01  -7.0597401505018875e-01  -5.1956590682604880e+00  3.8278495093445976e-02
2.4125000000000000e+01  -6.5406286997803709e-01  -5.1483224051287433e+00  3.7973799079041429e-02
2.4250000000000000e+01  -6.0326680706291813e-01  -5.1020870099298588e+00  3.7669407633688583e-02
2.4375000000000000e+01  -5.5358447093249397e-01  -5.0569517055876769e+00  3.7366677398060218e-02
2.4500000000000000e+01  -5.0501237638388230e-01  -5.0129132016483027e+00  3.7066927093627425e-02
2.4625000000000000e+01  -4.5754468902262890e-01  -4.9699658737540897e+00  3.6771433315380797e-02
2.4750000000000004e+01  -4.1117311232506015e-01  -4.9281016488676492e+00  3.6481426669158885e-02
2.4874999999999996e+01  -3.6588677781650225e-01  -4.8873098936846482e+00  3.6198088249163783e-02
2.5000000000000004e+01  -3.2167205266381016e-01  -4.8475772210856860e+00  3.5922545087765385e-02
2.5125000000000000e+01  -2.7851253059316705e-01  -4.8088874789296856e+00  3.5655867807129711e-02
2.5250000000000000e+01  -2.3638882432005803e-01  -4.7712215417553425e+00  3.5399065427048529e-02
2.5375000000000000e+01  -1.9527857715394603e-01  -4.7345573205438010e+00  3.5153083040063780e-02
2.5500000000000000e+01  -1.5515641874815267e-01  -4.6988697172269580e+00  3.4918798631761991e-02
2.5625000000000000e+01  -1.1599391826588445e-01  -4.6641305768903489e+00  3.4697019021753372e-02
2.5749999999999996e+01  -7.7759694475308283e-02  -4.6303087963121810e+00  3.4488478817994460e-02
2.5875000000000004e+01  -4.0419434747270166e-02  -4.5973703422415371e+00  3.4293836447339666e-02
2.5999999999999996e+01  -3.9360582197889293e-03  -4.5652784133647994e+00  3.4113672932599814e-02
2.6125000000000004e+01  3.1730093375905932e-02  -4.5339936301234633e+00  3.3948490919499801e-02
2.6250000000000000e+01  6.6621056187166072e-02  -4.5034742335171938e+00  3.3798712708337571e-02
2.6375000000000000e+01  1.0078094891002831e-01  -4.4736763795066494e+00  3.3664680658681861e-02
2.6500000000000000e+01  1.3425568422958101e-01  -4.4445544269773212e+00  3.3546655876378964e-02
2.6625000000000000e+01  1.6709257653461973e-01  -4.4160613291463333e+00  3.3444820958683452e-02
2.6750000000000000e+01  1.9934000115322459e-01  -4.3881489739419912e+00  3.3359278448526652e-02
2.6874999999999996e+01  2.3104693700610435e-01  -4.3607686405409307e+00  3.3290056398616992e-02
2.7000000000000004e+01  2.6226259469129154e-01  -4.3338713710445447e+00  3.3237106565562592e-02
2.7124999999999996e+01  2.9303595350525646e-01  -4.3074084328281232e+00  3.3200311012988544e-02
2.7250000000000004e+01  3.2341536327108522e-01  -4.2813317164412430e+00  3.3179482690752514e-02
2.7375000000000000e+01  3.5344812689165961e-01  -4.2555941526565473e+00  3.3174371396998879e-02
2.7500000000000000e+01  3.8318012480446983e-01  -4.2301500877545353e+00  3.3184666789344633e-02
2.7625000000000000e+01  4.1265546777752793e-01  -4.2049556304939140e+00  3.3210004190039992e-02
2.7750000000000000e+01  4.4191617710599607e-01  -4.1799689716644899e+00  3.3249966946650882e-02
2.7875000000000000e+01  4.7100193723173289e-01  -4.1551506314020941e+00  3.3304095324555284e-02
2.7999999999999996e+01  4.9994985691258814e-01  -4.1304636977915736e+00  3.3371887902689377e-02
2.8125000000000004e+01  5.2879431905736674e-01  -4.1058739770408206e+00  3.3452809312165765e-02
2.8249999999999996e+01  5.5756684765891129e-01  -4.0813501264226826e+00  3.3546293859980557e-02
2.8375000000000004e+01  5.8629603495114380e-01  -4.0568637270828809e+00  3.3651750793200819e-02
2.8500000000000000e+01  6.1500754667440105e-01  -4.0323892789405082e+00  3.3768570794827063e-02
2.8625000000000000e+01  6.4372409230478056e-01  -4.0079042302437955e+00  3.3896128047907523e-02
2.8750000000000000e+01  6.7246550630289037e-01  -3.9833888965158164e+00  3.4033786316234854e-02
2.8875000000000000e+01  7.0124883737386789e-01  -3.9588263713832963e+00  3.4180903057577462e-02
2.9000000000000000e+01  7.3008845890623797e-01  -3.9342024162126359e+00  3.4336833058685186e-02
2.9124999999999996e+01  7.5899618234908939e-01  -3.9095053467160863e+00  3.4500931314498592e-02
2.9250000000000004e+01  7.8798147269036201e-01  -3.8847258179484663e+00  3.4672558142238477e-02
2.9374999999999996e+01  8.1705151588662628e-01  -3.8598567564684325e+00  3.4851079250869742e-02
2.9500000000000004e+01  8.4621149932950201e-01  -3.8348930806335533e+00  3.5035871291968002e-02
2.9625000000000000e+01  8.7546468885447215e-01  -3.8098316231853993e+00  3.5226321598554315e-02
2.9750000000000000e+01  9.0481271449006972e-01  -3.7846708463100418e+00  3.5421832598950917e-02
2.9875000000000000e+01  9.3425562046058341e-01  -3.7594107910848193e+00  3.5621820880907665e-02
3.0000000000000000e+01  9.6379213869973501e-01  -3.7340528047742767e+00  3.5825720711301599e-02
3.0125000000000000e+01  9.9341979294149241e-01  -3.7085994365876136e+00  3.6032984056517038e-02
3.0249999999999996e+01  1.0231350980622638e+00  -3.6830542388188858e+00  3.6243082201956545e-02
3.0375000000000004e+01  1.0529336222139176e+00  -3.6574217044014614e+00  3.6455505324406765e-02
3.0499999999999996e+01  1.0828102178344770e+00  -3.6317070367120952e+00  3.6669764331822299e-02
3.0625000000000004e+01  1.1127590939861007e+00  -3.6059160771201304e+00  3.6885390459987802e-02
3.0750000000000000e+01  1.1427739357095441e+00  -3.5800551858795497e+00  3.7101935550811510e-02
3.0875000000000000e+01  1.1728479804485366e+00  -3.5541311657328358e+00  3.7318971929038797e-02
3.1000000000000000e+01  1.2029742036319886e+00  -3.5281510771678439e+00  3.7536093005221725e-02
3.1125000000000000e+01  1.2331452845941833e+00  -3.5021222719138465e+00  3.7752912205334624e-02
3.1250000000000000e+01  1.2633537553145904e+00  -3.4760522449175810e+00  3.7969063250048521e-02
3.1374999999999996e+01  1.2935920089770652e+00  -3.4499486255894452e+00  3.8184199554576810e-02
3.1500000000000004e+01  1.3238524384660024e+00  -3.4238190400891950e+00  3.8397994107683665e-02
3.1625000000000000e+01  1.3541274387532873e+00  -3.3976711088097620e+00  3.8610138748015513e-02
3.1750000000000000e+01  1.3844093885968536e+00  -3.3715124644144154e+00  3.8820343722847858e-02
3.1875000000000000e+01  1.4146908257984472e+00  -3.3453505777956791e+00  3.9028337204893376e-02
3.2000000000000000e+01  1.4449643700087285e+00  -3.3191928346610458e+00  3.9233864651545068e-02
3.2125000000000000e+01  1.4752227438240841e+00  -3.2930465145669041e+00  3.9436688419965227e-02
3.2250000000000000e+01  1.5054588756556162e+00  -3.2669186888521877e+00  3.9636586941153552e-02
3.2375000000000000e+01  1.5356658699371228e+00  -3.2408162502513274e+00  3.9833354179297786e-02
3.2500000000000000e+01  1.5658370018455843e+00  -3.2147459181839118e+00  4.0026799193937319e-02
3.2625000000000000e+01  1.5959657573616013e+00  -3.1887141990912902e+00  4.0216745407379843e-02
3.2750000000000000e+01  1.6260458486466316e+00  -3.1627273712812958e+00  4.0403029893097124e-02
3.2875000000000000e+01  1.6560711916097719e+00  -3.1367915072893231e+00  4.0585503020545241e-02
3.3000000000000000e+01  1.6860359137288934e+00  -3.1109124662368379e+00  4.0764027907898369e-02
3.3125000000000000e+01  1.7159343867826236e+00  -3.0850958615031367e+00  4.0938479483233051e-02
3.3250000000000000e+01  1.7457611681905709e+00  -3.0593471190274637e+00  4.1108744701082556e-02
3.3375000000000000e+01  1.7755110901785005e+00  -3.0336713890469049e+00  4.1274720739031087e-02
3.3500000000000000e+01  1.8051791617629960e+00  -3.0080736434208899e+00  4.1436315863510209e-02
3.3625000000000000e+01  1.8347606335256810e+00  -2.9825586115649418e+00  4.1593447884949473e-02
3.3750000000000000e+01  1.8642509428057386e+00  -2.9571308349319727e+00  4.1746044579667352e-02
3.3875000000000000e+01  1.8936457752282112e+00  -2.9317946061818914e+00  4.1894041893410554e-02
3.4000000000000000e+01  1.9229409613241775e+00  -2.9065540717918599e+00  4.2037385614557117e-02
3.4125000000000000e+01  1.9521325814989510e+00  -2.8814131281813782e+00  4.2176028487809852e-02
3.4250000000000000e+01  1.9812168999255719e+00  -2.8563754873789367e+00  4.2309931065781660e-02
3.4375000000000000e+01  2.0101903462435056e+00  -2.8314446952996195e+00  4.2439061762883361e-02
3.4499999999999993e+01  2.0390495374677693e+00  -2.8066241101807003e+00  4.2563395761836091e-02
3.4625000000000000e+01  2.0677912865233230e+00  -2.7819168942732251e+00  4.2682914055693869e-02
3.4750000000000000e+01  2.0964125501291004e+00  -2.7573260656112764e+00  4.2797604582811032e-02
3.4875000000000000e+01  2.1249104541814372e+00  -2.7328544729982545e+00  4.2907460902000961e-02
3.5000000000000000e+01  2.1532822850035478e+00  -2.7085048048083817e+00  4.3012481892185803e-02
3.5125000000000000e+01  2.1815254685884042e+00  -2.6842796096714467e+00  4.3112672068234645e-02
3.5249999999999993e+01  2.2096375906747552e+00  -2.6601812767133381e+00  4.3208040132628835e-02
3.5374999999999993e+01  2.2376163675284859e+00  -2.6362120646105511e+00  4.3298599685610756e-02
3.5499999999999993e+01  2.2654596430704474e+00  -2.6123741045479441e+00  4.3384368916756073e-02
3.5624999999999993e+01  2.2931653869582376e+00  -2.5886694022242329e+00  4.3465370220518627e-02
3.5750000000000000e+01  2.3207317067682949e+00  -2.5650998258970095e+00  4.3541628767739066e-02
3.5875000000000000e+01  2.3481568097273380e+00  -2.5416671443728434e+00  4.3613174290651563e-02
3.6000000000000000e+01  2.3754390187247152e+00  -2.5183730112467564e+00  4.3680039590444725e-02
3.6125000000000000e+01  2.4025767565896459e+00  -2.4952189805596090e+00  4.3742261150380546e-02
3.6249999999999993e+01  2.4295685574076806e+00  -2.4722064956801111e+00  4.3799877581677686e-02
3.6374999999999993e+01  2.4564130560026571e+00  -2.4493368998006622e+00  4.3852929590487075e-02
3.6499999999999993e+01  2.4831089583836903e+00  -2.4266114652689623e+00  4.3901462632751749e-02
3.6624999999999993e+01  2.5096550755500799e+00  -2.4040313601959675e+00  4.3945522712613393e-02
3.6749999999999993e+01  2.5360502939517993e+00  -2.3815976777668535e+00  4.3985159038907054e-02
3.6875000000000000e+01  2.5622935845084926e+00  -2.3593114273780538e+00  4.4020422144754372e-02
3.7000000000000000e+01  2.5883839928251975e+00  -2.3371735443824821e+00  4.4051364372345005e-02
3.7125000000000000e+01  2.6143206309193188e+00  -2.3151848983359260e+00  4.4078041240980068e-02
3.7250000000000000e+01  2.6401026860900223e+00  -2.2933462842713954e+00  4.4100508199401256e-02
3.7374999999999993e+01  2.6657294076270928e+00  -2.2716584359048531e+00  4.4118822647208809e-02
3.7499999999999993e+01  2.6912001057690986e+00  -2.2501220267123632e+00  4.4133044567917536e-02
3.7624999999999993e+01  2.7165141513447120e+00  -2.2287376703293562e+00  4.4143233393039327e-02
3.7749999999999993e+01  2.7416709694534624e+00  -2.2075059268446826e+00  4.4149450546585992e-02
3.7875000000000000e+01  2.7666700390630261e+00  -2.1864273032371644e+00  4.4151758801185353e-02
3.8000000000000000e+01  2.7915108905662107e+00  -2.1655022558274810e+00  4.4150221860718750e-02
3.8125000000000000e+01  2.8161930971936542e+00  -2.1447311988091706e+00  4.4144902970334632e-02
3.8250000000000000e+01  2.8407162804170483e+00  -2.1241144989298917e+00  4.4135867322915870e-02
3.8375000000000000e+01  2.8650801105584454e+00  -2.1036524749160108e+00  4.4123181575940140e-02
3.8499999999999993e+01  2.8892842822939615e+00  -2.0833454217391463e+00  4.4106910268169743e-02
3.8624999999999993e+01  2.9133285472218819e+00  -2.0631935784072892e+00  4.4087121404810560e-02
3.8749999999999993e+01  2.9372126794404885e+00  -2.0431971620516469e+00  4.4063881413924928e-02
3.8874999999999993e+01  2.9609364960050040e+00  -2.0233563476975176e+00  4.4037258183398688e-02
3.9000000000000000e+01  2.9844998375207341e+00  -2.0036712874885136e+00  4.4007318973268171e-02
3.9125000000000000e+01  3.0079025929487972e+00  -1.9841420861496040e+00  4.3974132885752255e-02
3.9250000000000000e+01  3.0311446534833584e+00  -1.9647688466466124e+00  4.3937766866152604e-02
3.9375000000000000e+01  3.0542259587890364e+00  -1.9455516244370039e+00  4.3898289808057760e-02
3.9500000000000000e+01  3.0771464681686886e+00  -1.9264904560132146e+00  4.3855770120672398e-02
3.9624999999999993e+01  3.0999061712672296e+00  -1.9075853483167460e+00  4.3810276591328301e-02
3.9749999999999993e+01  3.1225050604608304e+00  -1.8888363060721838e+00  4.3761876739989262e-02
3.9874999999999993e+01  3.1449431765071960e+00  -1.8702432866095602e+00  4.3710639647499459e-02
3.9999999999999993e+01  3.1672205552257138e+00  -1.8518062526421248e+00  4.3656632842092140e-02
4.0125000000000000e+01  3.1893372839188512e+00  -1.8335251164235207e+00  4.3599925377410212e-02
4.0250000000000000e+01  3.2112934296979097e+00  -1.8153998106924782e+00  4.3540584201688694e-02
4.0375000000000000e+01  3.2330891002248174e+00  -1.7974302285505093e+00  4.3478677231075957e-02
4.0500000000000000e+01  3.2547244225137844e+00  -1.7796162444433210e+00  4.3414272211910854e-02
4.0625000000000000e+01  3.2761995294689372e+00  -1.7619577274846816e+00  4.3347436193380627e-02
4.0749999999999993e+01  3.2975145609938785e+00  -1.7444545403567742e+00  4.3278235672392480e-02
4.0874999999999993e+01  3.3186696829195759e+00  -1.7271065205704645e+00  4.3206737302603812e-02
4.0999999999999993e+01  3.3396650780722474e+00  -1.7099134893012309e+00  4.3133007487524334e-02
4.1124999999999993e+01  3.3605009104361132e+00  -1.6928752868649255e+00  4.3057111254303462e-02
4.1250000000000000e+01  3.3811773971461996e+00  -1.6759917014391310e+00  4.2979114585819704e-02
4.1375000000000000e+01  3.4016947502909076e+00  -1.6592625266712013e+00  4.2899082488494389e-02
4.1500000000000000e+01  3.4220531549992828e+00  -1.6426875833715355e+00  4.2817078535736450e-02
4.1625000000000000e+01  3.4422528586364320e+00  -1.6262666311938592e+00  4.2733167332634124e-02
4.1750000000000000e+01  3.4622941056379890e+00  -1.6099994331455538e+00  4.2647412618157042e-02
4.1874999999999993e+01  3.4821771207025440e+00  -1.5938857722259545e+00  4.2559876961501146e-02
4.1999999999999993e+01  3.5019021604112481e+00  -1.5779254003042547e+00  4.2470623027542398e-02
4.2124999999999993e+01  3.5214694785049945e+00  -1.5621180724940116e+00  4.2379712724427115e-02
4.2249999999999993e+01  3.5408793478385485e+00  -1.5464635254022481e+00  4.2287207678108334e-02
4.2375000000000000e+01  3.5601320266703054e+00  -1.5309615105051897e+00  4.2193168547566426e-02
4.2500000000000000e+01  3.5792277916723689e+00  -1.5156117614483358e+00  4.2097655695965831e-02
4.2625000000000000e+01  3.5981669193024004e+00  -1.5004140124836183e+00  4.2000728818388157e-02
4.2750000000000000e+01  3.6169497136290394e+00  -1.4853679709001351e+00  4.1902447396849896e-02
4.2875000000000000e+01  3.6355764515756750e+00  -1.4704733712483899e+00  4.1802869793320527e-02
4.2999999999999993e+01  3.6540474263077014e+00  -1.4557299323564514e+00  4.1702053986041487e-02
4.3124999999999993e+01  3.6723629283485471e+00  -1.4411373760247779e+00  4.1600057268133622e-02
4.3249999999999993e+01  3.6905232961190890e+00  -1.4266953769455974e+00  4.1496936891768969e-02
4.3375000000000000e+01  3.7085288116932711e+00  -1.4124036659657966e+00  4.1392748696168567e-02
4.3500000000000000e+01  3.7263797888645085e+00  -1.3982619428306711e+00  4.1287548283205765e-02
4.3625000000000000e+01  3.7440765366945357e+00  -1.3842699122852675e+00  4.1181390542414806e-02
4.3750000000000000e+01  3.7616193767698265e+00  -1.3704272669648718e+00  4.1074329839064547e-02
4.3874999999999993e+01  3.7790086571135726e+00  -1.3567336735958859e+00  4.0966420102398066e-02
4.4000000000000000e+01  3.7962446720431142e+00  -1.3431888524015569e+00  4.0857714101675345e-02
4.4124999999999993e+01  3.8133277616434498e+00  -1.3297924785193591e+00  4.0748264368530289e-02
4.4249999999999993e+01  3.8302582569558163e+00  -1.3165442363041433e+00  4.0638122686351259e-02
4.4374999999999993e+01  3.8470365004712894e+00  -1.3034437990071543e+00  4.0527340253555512e-02
4.4500000000000000e+01  3.8636628316233947e+00  -1.2904908431421802e+00  4.0415967576511252e-02
4.4625000000000000e+01  3.8801375637277991e+00  -1.2776850713358683e+00  4.0304054371051209e-02
4.4750000000000000e+01  3.8964610907282236e+00  -1.2650261065032269e+00  4.0191650122976430e-02
4.4875000000000000e+01  3.9126337437297369e+00  -1.2525136340462084e+00  4.0078803306413856e-02
4.4999999999999993e+01  3.9286558615093101e+00  -1.2401473319544176e+00  3.9965561806570661e-02
4.5125000000000000e+01  3.9445278052061434e+00  -1.2279268562259151e+00  3.9851972948882021e-02
4.5249999999999993e+01  3.9602499261389426e+00  -1.2158518727628853e+00  3.9738083372617874e-02
4.5374999999999993e+01  3.9758226330433049e+00  -1.2039219906913279e+00  3.9623939188243432e-02
4.5499999999999993e+01  3.9912462384347460e+00  -1.1921369146898591e+00  3.9509585641244446e-02
4.5625000000000000e+01  4.0065211650578627e+00  -1.1804962402696986e+00  3.9395067532179619e-02
4.5750000000000000e+01  4.0216477755570477e+00  -1.1689996226599244e+00  3.9280428898349359e-02
4.5875000000000000e+01  4.0366264055454009e+00  -1.1576467440162581e+00  3.9165713169700980e-02
4.6000000000000000e+01  4.0514575139932232e+00  -1.1464371642540958e+00  3.9050963146818732e-02
4.6124999999999993e+01  4.0661414479986231e+00  -1.1353705543335662e+00  3.8936220982410036e-02
4.6250000000000000e+01  4.0806786075968811e+00  -1.1244465327953406e+00  3.8821528198459354e-02
4.6374999999999993e+01  4.0950694397651297e+00  -1.1136646716841687e+00  3.8706925589888259e-02
4.6499999999999993e+01  4.1093143069647944e+00  -1.1030246269432418e+00  3.8592453456719022e-02
4.6624999999999993e+01  4.1234136286868690e+00  -1.0925259979979733e+00  3.8478151398268309e-02
4.6750000000000000e+01  4.1373678604245683e+00  -1.0821683485939113e+00  3.8364058271623022e-02
4.6875000000000000e+01  4.1511773730318193e+00  -1.0719513264841183e+00  3.8250212585009262e-02
4.6999999999999993e+01  4.1648426786450576e+00  -1.0618744392653205e+00  3.8136651750529639e-02
4.7125000000000000e+01  4.1783641719175355e+00  -1.0519373111136092e+00  3.8023412994483419e-02
4.7249999999999993e+01  4.1917423235507378e+00  -1.0421394907515218e+00  3.7910532651688651e-02
4.7375000000000000e+01  4.2049775694574310e+00  -1.0324805614169978e+00  3.7798046628597363e-02
4.7499999999999993e+01  4.2180704051241715e+00  -1.0229600472138518e+00  3.7685989944039593e-02
4.7624999999999993e+01  4.2310212794935911e+00  -1.0135775184133515e+00  3.7574397291621542e-02
4.7749999999999993e+01  4.2438307614020943e+00  -1.0043324262573226e+00  3.7463302047999705e-02
4.7875000000000000e+01  4.2564992011573537e+00  -9.9522443884809020e-01  3.7352738447546614e-02
4.8000000000000000e+01  4.2690272586830629e+00  -9.8625291691986927e-01  3.7242738095918139e-02
4.8124999999999993e+01  4.2814153568042999e+00  -9.7741745649355449e-01  3.7133333683644298e-02
4.8250000000000000e+01  4.2936640499088812e+00  -9.6871752293152635e-01  3.7024556431599583e-02
4.8374999999999993e+01  4.3057738877440634e+00  -9.6015258612472998e-01  3.6916437039526066e-02
4.8500000000000000e+01  4.3177454214632149e+00  -9.5172211448544619e-01  3.6809005667187047e-02
4.8624999999999993e+01  4.3295792067240999e+00  -9.4342557186517162e-01  3.6702291931599393e-02
4.8749999999999993e+01  4.3412758292699154e+00  -9.3526239214702755e-01  3.6596324675916184e-02
4.8874999999999993e+01  4.3528358571977162e+00  -9.2723202663152060e-01  3.6491132430598094e-02
4.9000000000000000e+01  4.3642599717845139e+00  -9.1933381411910764e-01  3.6386742084080811e-02
4.9125000000000000e+01  4.3755486925688265e+00  -9.1156725390139215e-01  3.6283181736434841e-02
4.9249999999999993e+01  4.3867026848537236e+00  -9.0393170039799653e-01  3.6180477526548363e-02
4.9375000000000000e+01  4.3977226310318178e+00  -8.9642649091821358e-01  3.6078654904466476e-02
4.9499999999999993e+01  4.4086091606496236e+00  -8.8905101511680984e-01  3.5977739493775182e-02
4.9625000000000000e+01  4.4193629723938370e+00  -8.8180459383557031e-01  3.5877755686781809e-02
4.9749999999999993e+01  4.4299847638823229e+00  -8.7468654882506547e-01  3.5778727463797476e-02
4.9874999999999993e+01  4.4404752123988702e+00  -8.6769622187995799e-01  3.5680678695709317e-02
5.0000000000000000e+01  4.4508351110513953e+00  -8.6083283957807621e-01  3.5583631330111894e-02
5.0125000000000000e+01  4.4610651577910181e+00  -8.5409572285526281e-01  3.5487608221959684e-02
5.0250000000000000e+01  4.4711661144915844e+00  -8.4748412897722192e-01  3.5392631026224620e-02
5.0374999999999993e+01  4.4811388084304191e+00  -8.4099725005224668e-01  3.5298720084265593e-02
5.0500000000000000e+01  4.4909839796822766e+00  -8.3463436464468810e-01  3.5205896719765366e-02
5.0624999999999993e+01  4.5007025286248403e+00  -8.2839459186141706e-01  3.5114179490614884e-02
5.0874999999999993e+01  4.5197629866471845e+00  -8.1628123167509292e-01  3.4934142001251139e-02
5.1125000000000000e+01  4.5383271096644782e+00  -8.0465039252512538e-01  3.4758754578255030e-02
5.1375000000000000e+01  4.5564022649952252e+00  -7.9349485681670640e-01  3.4588152658859006e-02
5.1625000000000000e+01  4.5739959937446075e+00  -7.8280723091195936e-01  3.4422465124312435e-02
5.1875000000000000e+01  4.5911163216913318e+00  -7.7257963605250746e-01  3.4261808789490998e-02
5.2124999999999993e+01  4.6077715416569687e+00  -7.6280392455721113e-01  3.4106292639891150e-02
5.2374999999999993e+01  4.6239703385574682e+00  -7.5347155545320676e-01  3.3956015501561992e-02
5.2624999999999993e+01  4.6397216393173277e+00  -7.4457374361838546e-01  3.3811069592131010e-02
5.2874999999999993e+01  4.6550349369197015e+00  -7.3610113758004569e-01  3.3671532902130812e-02
5.3124999999999993e+01  4.6699198382678775e+00  -7.2804426899771402e-01  3.3537480116827438e-02
5.3375000000000000e+01  4.6843864312570700e+00  -7.2039318771410388e-01  3.3408973629787758e-02
5.3625000000000000e+01  4.6984450951481209e+00  -7.1313765029705101e-01  3.3286068186444584e-02
5.3875000000000000e+01  4.7121065650073213e+00  -7.0626705599491135e-01  3.3168808937314706e-02
5.4125000000000000e+01  4.7253818531507283e+00  -6.9977052489911662e-01  3.3057233547613203e-02
5.4374999999999993e+01  4.7382822659156529e+00  -6.9363688133431900e-01  3.2951371508124723e-02
5.4624999999999993e+01  4.7508193999314159e+00  -6.8785465764570297e-01  3.2851243794838579e-02
5.4874999999999993e+01  4.7630050997237969e+00  -6.8241213645954168e-01  3.2756863850980193e-02
5.5124999999999993e+01  4.7748514669232076e+00  -6.7729734163359856e-01  3.2668236497960038e-02
5.5374999999999993e+01  4.7863708394827018e+00  -6.7249805904926196e-01  3.2585357583654377e-02
5.5625000000000000e+01  4.7975756629894590e+00  -6.6800196475771445e-01  3.2508219081639173e-02
5.5875000000000000e+01  4.8084785876534406e+00  -6.6379652865485461e-01  3.2436803584172572e-02
5.6125000000000000e+01  4.8190923691332443e+00  -6.5986911329295506e-01  3.2371087840394677e-02
5.6375000000000000e+01  4.8294298831615876e+00  -6.5620695949782837e-01  3.2311040224068263e-02
5.6624999999999993e+01  4.8395040419802813e+00  -6.5279726967666196e-01  3.2256624063951196e-02
5.6874999999999993e+01  4.8493277978212612e+00  -6.4962720453735256e-01  3.2207795372025373e-02
5.7124999999999993e+01  4.8589140649869993e+00  -6.4668396079332258e-01  3.2164507034504700e-02
5.7374999999999993e+01  4.8682757625383033e+00  -6.4395472888096883e-01  3.2126701320027123e-02
5.7624999999999993e+01  4.8774256850982862e+00  -6.4142682168616405e-01  3.2094320052348892e-02
5.7875000000000000e+01  4.8863765382839315e+00  -6.3908763948138203e-01  3.2067297072575017e-02
5.8125000000000000e+01  4.8951408739478062e+00  -6.3692473454027931e-01  3.2045561851123401e-02
5.8375000000000000e+01  4.9037310594729480e+00  -6.3492584186980450e-01  3.2029041261805863e-02
5.8625000000000000e+01  4.9121592573960360e+00  -6.3307889966030118e-01  3.2017655265301939e-02
5.8874999999999993e+01  4.9204373799515508e+00  -6.3137209468148425e-01  3.2011319748695671e-02
5.9124999999999993e+01  4.9285770720560205e+00  -6.2979387937367859e-01  3.2009950027682720e-02
5.9374999999999993e+01  4.9365896844082515e+00  -6.2833299876594051e-01  3.2013456721314608e-02
5.9624999999999993e+01  4.9444862291619618e+00  -6.2697853472268417e-01  3.2021744736416627e-02
5.9874999999999993e+01  4.9522773970993361e+00  -6.2571988898722264e-01  3.2034720515009565e-02
6.0125000000000000e+01  4.9599734773797177e+00  -6.2454686315170305e-01  3.2052283086833250e-02
6.0375000000000000e+01  4.9675844153338256e+00  -6.2344960125994975e-01  3.2074333999005361e-02
6.0625000000000000e+01  4.9751197459385335e+00  -6.2241865609647595e-01  3.2100770925181911e-02
6.0875000000000000e+01  4.9825885781100681e+00  -6.2144500489588106e-01  3.2131488704404125e-02
6.1124999999999993e+01  4.9899996104829896e+00  -6.2052003371479714e-01  3.2166381687557942e-02
6.1374999999999993e+01  4.9973611323713705e+00  -6.1963553653706116e-01  3.2205344024996210e-02
6.1624999999999993e+01  5.0046809579872980e+00  -6.1878378076485152e-01  3.2248266391570544e-02
6.1874999999999993e+01  5.0119665322815914e+00  -6.1795740195587578e-01  3.2295042266909949e-02
6.2124999999999993e+01  5.0192247904720482e+00  -6.1714954359762197e-01  3.2345560758879274e-02
6.2375000000000000e+01  5.0264622785633337e+00  -6.1635373722009446e-01  3.2399712941937407e-02
6.2625000000000000e+01  5.0336851119794614e+00  -6.1556394355345079e-01  3.2457389616239077e-02
6.2874999999999993e+01  5.0408989783621649e+00  -6.1477454973779588e-01  3.2518481437091962e-02
6.3125000000000000e+01  5.0481091198633736e+00  -6.1398038691954460e-01  3.2582878290413793e-02
6.3374999999999993e+01  5.0553204367899420e+00  -6.1317662712998589e-01  3.2650472821237522e-02
6.3624999999999993e+01  5.0625373596945913e+00  -6.1235891048586621e-01  3.2721155728584590e-02
6.3874999999999993e+01  5.0697639546470832e+00  -6.1152324043571760e-01  3.2794819285017471e-02
6.4125000000000000e+01  5.0770040026033101e+00  -6.1066590478039728e-01  3.2871359174043560e-02
6.4375000000000000e+01  5.0842607101168680e+00  -6.0978376334296858e-01  3.2950665900592049e-02
6.4625000000000000e+01  5.0915372151834957e+00  -6.0887374481861878e-01  3.3032638914861405e-02
6.4875000000000000e+01  5.0988361177087667e+00  -6.0793331369241121e-01  3.3117173139908009e-02
6.5124999999999986e+01  5.1061597580831677e+00  -6.0696019312159510e-01  3.3204166470605055e-02
6.5375000000000000e+01  5.1135102124063954e+00  -6.0595236963023025e-01  3.3293519096483315e-02
6.5624999999999986e+01  5.1208892312487144e+00  -6.0490815394198494e-01  3.3385131732509898e-02
6.5875000000000000e+01  5.1282983021784325e+00  -6.0382611873383718e-01  3.3478906866852148e-02
6.6125000000000000e+01  5.1357386969202041e+00  -6.0270505168525856e-01  3.3574749441384354e-02
6.6375000000000000e+01  5.1432113644345350e+00  -6.0154406171432973e-01  3.3672564356515992e-02
6.6625000000000000e+01  5.1507170976016203e+00  -6.0034241318703740e-01  3.3772259706443146e-02
6.6875000000000000e+01  5.1582564759204841e+00  -5.9909958282753761e-01  3.3873745257246582e-02
6.7125000000000000e+01  5.1658298474862416e+00  -5.9781527756498098e-01  3.3976931924686461e-02
6.7374999999999986e+01  5.1734374297494767e+00  -5.9648933430963824e-01  3.4081733407948726e-02
6.7625000000000000e+01  5.1810792024335557e+00  -5.9512182633110866e-01  3.4188064057605813e-02
6.7874999999999986e+01  5.1887550722040521e+00  -5.9371289952382478e-01  3.4295841533309661e-02
6.8125000000000000e+01  5.1964646855024812e+00  -5.9226295837149046e-01  3.4404983480781672e-02
6.8375000000000000e+01  5.2042077626008174e+00  -5.9077233389868011e-01  3.4515412710865542e-02
6.8625000000000000e+01  5.2119836965635606e+00  -5.8924168217363215e-01  3.4627050661454245e-02
6.8875000000000000e+01  5.2197917980541817e+00  -5.8767174095311780e-01  3.4739821216087180e-02
6.9125000000000000e+01  5.2276315099855895e+00  -5.8606311637291775e-01  3.4853653445209826e-02
6.9375000000000000e+01  5.2355018604076227e+00  -5.8441682652305849e-01  3.4968473669778802e-02
6.9624999999999986e+01  5.2434019793087989e+00  -5.8273378789663255e-01  3.5084212713666393e-02
6.9875000000000000e+01  5.2513309654491183e+00  -5.8101494768766981e-01  3.5200803732315572e-02
7.0124999999999986e+01  5.2592877846506330e+00  -5.7926138479314426e-01  3.5318180790086764e-02
7.0375000000000000e+01  5.2672713078605531e+00  -5.7747427194928758e-01  3.5436279340886723e-02
7.0625000000000000e+01  5.2752804231355341e+00  -5.7565476446374664e-01  3.5555037479491250e-02
7.0875000000000000e+01  5.2833140411333153e+00  -5.7380399474930410e-01  3.5674395787599976e-02
7.1125000000000000e+01  5.2913708268041004e+00  -5.7192333876545165e-01  3.5794294259352648e-02
7.1375000000000000e+01  5.2994497127942406e+00  -5.7001390611320257e-01  3.5914677911272459e-02
7.1625000000000000e+01  5.3075493425281000e+00  -5.6807709309049192e-01  3.6035490605392462e-02
7.1874999999999986e+01  5.3156684837152204e+00  -5.6611417202668601e-01  3.6156679436654626e-02
7.2124999999999986e+01  5.3238059356914338e+00  -5.6412638330058007e-01  3.6278193558652125e-02
7.2374999999999986e+01  5.3319603421902215e+00  -5.6211512120890372e-01  3.6399982342978858e-02
7.2625000000000000e+01  5.3401303342580455e+00  -5.6008179203425934e-01  3.6521996802286259e-02
7.2875000000000000e+01  5.3483148219780503e+00  -5.5802752446146275e-01  3.6644192010053651e-02
7.3125000000000000e+01  5.3565123879108016e+00  -5.5595377169610716e-01  3.6766521658357330e-02
7.3375000000000000e+01  5.3647218243779413e+00  -5.5386177810458381e-01  3.6888942733446624e-02
7.3625000000000000e+01  5.3729417945303188e+00  -5.5175291563366047e-01  3.7011412585663088e-02
7.3875000000000000e+01  5.3811710195723306e+00  -5.4962849796796709e-01  3.7133890445710117e-02
7.4124999999999986e+01  5.3894083156660466e+00  -5.4748974392201077e-01  3.7256337567999634e-02
7.4375000000000000e+01  5.3976524917907911e+00  -5.4533787880928442e-01  3.7378716378778307e-02
7.4625000000000000e+01  5.4059022497849778e+00  -5.4317423360804540e-01  3.7500989812072984e-02
7.4875000000000000e+01  5.4141564359397858e+00  -5.4099999531617060e-01  3.7623123003631825e-02
7.5125000000000000e+01  5.4224138874657424e+00  -5.3881635930251992e-01  3.7745082161580040e-02
7.5375000000000000e+01  5.4306733041429984e+00  -5.3662465661568781e-01  3.7866833834916257e-02
7.5625000000000000e+01  5.4389337302481202e+00  -5.3442587591771362e-01  3.7988347700795955e-02
7.5874999999999986e+01  5.4471939326464813e+00  -5.3222128041512073e-01  3.8109592887208457e-02
7.6125000000000000e+01  5.4554529164399064e+00  -5.3001189636777024e-01  3.8230540862854337e-02
7.6374999999999986e+01  5.4637094965741282e+00  -5.2779893799779165e-01  3.8351163126354601e-02
7.6625000000000000e+01  5.4719627431847266e+00  -5.2558336580857912e-01  3.8471433412142549e-02
7.6875000000000000e+01  5.4802115567848606e+00  -5.2336630789312366e-01  3.8591325596396824e-02
7.7125000000000000e+01  5.4884550186359400e+00  -5.2114871248780403e-01  3.8710815280365816e-02
7.7375000000000000e+01  5.4966919557908591e+00  -5.1893177925815381e-01  3.8829877972973978e-02
7.7625000000000000e+01  5.5049216671294241e+00  -5.1671623945167910e-01  3.8948491885419309e-02
7.7875000000000000e+01  5.5131431015291943e+00  -5.1450317072848328e-01  3.9066634747036845e-02
7.8124999999999986e+01  5.5213554049024580e+00  -5.1229345480676480e-01  3.9184285838879528e-02
7.8375000000000000e+01  5.5295576481804476e+00  -5.1008804714103961e-01  3.9301425025555885e-02
7.8624999999999986e+01  5.5377489963175002e+00  -5.0788780939836720e-01  3.9418033263446582e-02
7.8875000000000000e+01  5.5459287936423021e+00  -5.0569342490394442e-01  3.9534092679393437e-02
7.9125000000000000e+01  5.5540960138415159e+00  -5.0350594375057511e-01  3.9649585278929159e-02
7.9375000000000000e+01  5.5622499343806258e+00  -5.0132611439365427e-01  3.9764494559661710e-02
7.9625000000000000e+01  5.5703898719457126e+00  -4.9915464588541303e-01  3.9878804759688448e-02
7.9875000000000000e+01  5.5785150758479212e+00  -4.9699231350310891e-01  3.9992500681782388e-02
8.0125000000000000e+01  5.5866248457031409e+00  -4.9483984214263721e-01  4.0105567899265122e-02
8.0374999999999986e+01  5.5947184809750992e+00  -4.9269795632279045e-01  4.0217992660822516e-02
8.0625000000000000e+01  5.6027953726384512e+00  -4.9056728938630290e-01  4.0329761948708021e-02
8.0874999999999986e+01  5.6108547494873546e+00  -4.8844863482243728e-01  4.0440863293503847e-02
8.1125000000000000e+01  5.6188961328201374e+00  -4.8634249586653722e-01  4.0551285009864338e-02
8.1375000000000000e+01  5.6269189815365745e+00  -4.8424943709471613e-01  4.0661015909182696e-02
8.1625000000000000e+01  5.6349224545243546e+00  -4.8217031972641244e-01  4.0770045472965810e-02
8.1875000000000000e+01  5.6429063221322027e+00  -4.8010539891631954e-01  4.0878363642624024e-02
8.2125000000000000e+01  5.6508698911472077e+00  -4.7805538846152285e-01  4.0985961027277709e-02
8.2375000000000000e+01  5.6588126276319501e+00  -4.7602084395232858e-01  4.1092828771405777e-02
8.2624999999999986e+01  5.6667341092146692e+00  -4.7400221005977317e-01  4.1198958440627438e-02
8.2875000000000000e+01  5.6746338740616142e+00  -4.7199997010093320e-01  4.1304342126484650e-02
8.3124999999999986e+01  5.6825113936425602e+00  -4.7001467299047883e-01  4.1408972548877647e-02
8.3375000000000000e+01  5.6903662348409316e+00  -4.6804677274896322e-01  4.1512842808015427e-02
8.3625000000000000e+01  5.6981981026285125e+00  -4.6609658629021933e-01  4.1615946185412880e-02
8.3875000000000000e+01  5.7060063500958922e+00  -4.6416477844969872e-01  4.1718277198081792e-02
8.4125000000000000e+01  5.7137909308804593e+00  -4.6225141920649992e-01  4.1819829432333727e-02
8.4375000000000000e+01  5.7215511990854706e+00  -4.6035717159010847e-01  4.1920598380664822e-02
8.4625000000000000e+01  5.7292868726694417e+00  -4.5848233809386452e-01  4.2020579082111348e-02
8.4874999999999986e+01  5.7369977220044328e+00  -4.5662716898337630e-01  4.2119766764114219e-02
8.5125000000000000e+01  5.7446832924016817e+00  -4.5479213688800924e-01  4.2218157797754473e-02
8.5374999999999986e+01  5.7523432917005772e+00  -4.5297755322909428e-01  4.2315748457887430e-02
8.5625000000000000e+01  5.7599775173211487e+00  -4.5118364044425840e-01  4.2412535037031220e-02
8.5875000000000000e+01  5.7675856214523309e+00  -4.4941076433670446e-01  4.2508514764470665e-02
8.6125000000000000e+01  5.7751672994921099e+00  -4.4765924760878928e-01  4.2603685116349273e-02
8.6375000000000000e+01  5.7827223476010774e+00  -4.4592931294264249e-01  4.2698043490110853e-02
8.6625000000000000e+01  5.7902505217408606e+00  -4.4422122247431561e-01  4.2791587798765220e-02
8.6875000000000000e+01  5.7977516202469852e+00  -4.4253519610806258e-01  4.2884316085746062e-02
8.7124999999999986e+01  5.8052254415157565e+00  -4.4087145338385758e-01  4.2976226711306777e-02
8.7375000000000000e+01  5.8126717132117172e+00  -4.3923028350213977e-01  4.3067318762898307e-02
8.7624999999999986e+01  5.8200901845539423e+00  -4.3761195403571707e-01  4.3157591588850824e-02
8.7875000000000000e+01  5.8274807970843039e+00  -4.3601654205424101e-01  4.3247043698891645e-02
8.8125000000000000e+01  5.8348434472460058e+00  -4.3444416896893534e-01  4.3335674081733874e-02
8.8375000000000000e+01  5.8421777441708862e+00  -4.3289524004299551e-01  4.3423483907899754e-02
8.8625000000000000e+01  5.8494836298085238e+00  -4.3136983112533089e-01  4.3510472522409291e-02
8.8875000000000000e+01  5.8567610492132367e+00  -4.2986801474731173e-01  4.3596639439633836e-02
8.9125000000000000e+01  5.8640097674928793e+00  -4.2839004111949119e-01  4.3681985714664584e-02
8.9374999999999986e+01  5.8712297599208698e+00  -4.2693595238965543e-01  4.3766511137625891e-02
8.9625000000000000e+01  5.8784207787134175e+00  -4.2550601100339502e-01  4.3850217450405592e-02
8.9874999999999986e+01  5.8855828433895852e+00  -4.2410021488271177e-01  4.3933104564859667e-02
9.0125000000000000e+01  5.8927157303716609e+00  -4.2271880205185264e-01  4.4015174589568731e-02
9.0375000000000000e+01  5.8998194997528506e+00  -4.2136172986907949e-01  4.4096427498068191e-02
9.0625000000000000e+01  5.9068939175387998e+00  -4.2002924618975301e-01  4.4176866011009529e-02
9.0875000000000000e+01  5.9139389832528853e+00  -4.1872136780693436e-01  4.4256491049987218e-02
9.1125000000000000e+01  5.9209546958824744e+00  -4.1743811183984070e-01  4.4335303681892410e-02
9.1375000000000000e+01  5.9279408486804321e+00  -4.1617969854608416e-01  4.4413307143603219e-02
9.1624999999999986e+01  5.9348975043815990e+00  -4.1494608161977986e-01  4.4490502304677146e-02
9.1875000000000000e+01  5.9418245343914569e+00  -4.1373740365875200e-01  4.4566892097506014e-02
9.2124999999999986e+01  5.9487219552179038e+00  -4.1255366365573831e-01  4.4642478186365929e-02
9.2375000000000000e+01  5.9555897126962432e+00  -4.1139493025724327e-01  4.4717263136890215e-02
9.2625000000000000e+01  5.9624276957168840e+00  -4.1026132818884609e-01  4.4791250356529963e-02
9.2875000000000000e+01  5.9692360728065204e+00  -4.0915270566670614e-01  4.4864440297888684e-02
9.3125000000000000e+01  5.9760146342768348e+00  -4.0806928446166513e-01  4.4936837837179965e-02
9.3374999999999986e+01  5.9827634705419932e+00  -4.0701098962553584e-01  4.5008444602787696e-02
9.3625000000000000e+01  5.9894825788705264e+00  -4.0597783808255139e-01  4.5079263418679960e-02
9.3874999999999986e+01  5.9961719142136332e+00  -4.0496988839563342e-01  4.5149297799354747e-02
9.4125000000000000e+01  6.0028314347204246e+00  -4.0398719579898446e-01  4.5218551416573813e-02
9.4374999999999986e+01  6.0094612342679481e+00  -4.0302968127370775e-01  4.5287026336096770e-02
9.4624999999999986e+01  6.0160613016056601e+00  -4.0209736950647512e-01  4.5354726093187525e-02
9.4875000000000000e+01  6.0226316193209870e+00  -4.0119029111495097e-01  4.5421654472003546e-02
9.5125000000000000e+01  6.0291721903216509e+00  -4.0030845648887858e-01  4.5487815140327105e-02
9.5375000000000000e+01  6.0356831504858999e+00  -3.9945174452425025e-01  4.5553209982922845e-02
9.5624999999999986e+01  6.0421644227712523e+00  -3.9862024429689091e-01  4.5617844032278983e-02
9.5875000000000000e+01  6.0486160363291299e+00  -3.9781393984022362e-01  4.5681720961294775e-02
9.6124999999999986e+01  6.0550381165290457e+00  -3.9703272001682288e-01  4.5744843066773129e-02
9.6375000000000000e+01  6.0614305749182424e+00  -3.9627668474686928e-01  4.5807216032211662e-02
9.6624999999999986e+01  6.0677935336070723e+00  -3.9554572584654490e-01  4.5868842405925918e-02
9.6874999999999986e+01  6.0741270551572946e+00  -3.9483979382241374e-01  4.5929725716243243e-02
9.7125000000000000e+01  6.0804311306957892e+00  -3.9415890960246625e-01  4.5989870779006604e-02
9.7375000000000000e+01  6.0867058491501913e+00  -3.9350299740398365e-01  4.6049280893204717e-02
9.7625000000000000e+01  6.0929512227298881e+00  -3.9287205708614881e-01  4.6107960755537115e-02
9.7874999999999986e+01  6.0991673744737112e+00  -3.9226597894369242e-01  4.6165913212425289e-02
9.8125000000000000e+01  6.1053543172122202e+00  -3.9168476198756519e-01  4.6223143130516099e-02
9.8374999999999986e+01  6.1115120954300401e+00  -3.9112837385514432e-01  4.6279654932401479e-02
9.8625000000000000e+01  6.1176407463084219e+00  -3.9059678928165420e-01  4.6335453291747701e-02
9.8874999999999986e+01  6.1237404595822760e+00  -3.9008983226265137e-01  4.6390540007596792e-02
9.9124999999999986e+01  6.1298111787991161e+00  -3.8960756977339095e-01  4.6444921689809203e-02
9.9375000000000000e+01  6.1358530777290481e+00  -3.8914984136677688e-01  4.6498600514443385e-02
9.9625000000000000e+01  6.1418661361630740e+00  -3.8871667802131737e-01  4.6551582603085812e-02
9.9875000000000000e+01  6.1478504702837711e+00  -3.8830797594793864e-01  4.6603871397281109e-02
1.0012499999999999e+02  6.1538061710457308e+00  -3.8792365617060653e-01  4.6655470878040617e-02
1.0037500000000000e+02  6.1597332843775892e+00  -3.8756368407061581e-01  4.6706386062205028e-02
1.0062499999999999e+02  6.1656319138584275e+00  -3.8722796801738024e-01  4.6756620776480969e-02
1.0087500000000000e+02  6.1715020865043657e+00  -3.8691649187456711e-01  4.6806180634790959e-02
1.0112500000000000e+02  6.1773439681602627e+00  -3.8662910236063697e-01  4.6855068122349387e-02
1.0137499999999999e+02  6.1831576371874055e+00  -3.8636573247225225e-01  4.6903287731713331e-02
1.0162500000000000e+02  6.1889430797449263e+00  -3.8612640613765770e-01  4.6950846288720101e-02
1.0187500000000000e+02  6.1947005231914209e+00  -3.8591090909603398e-01  4.6997744789496060e-02
1.0212500000000000e+02  6.2004299428687082e+00  -3.8571927578248610e-01  4.7043990477148606e-02
1.0237499999999999e+02  6.2061314784838366e+00  -3.8555137829851249e-01  4.7089586550171335e-02
1.0262500000000000e+02  6.2118052403303743e+00  -3.8540711770113933e-01  4.7134536931535034e-02
1.0287499999999999e+02  6.2174512784503078e+00  -3.8528645444358300e-01  4.7178847194036755e-02
1.0312500000000000e+02  6.2230697225980665e+00  -3.8518927021805860e-01  4.7222520803630236e-02
1.0337500000000000e+02  6.2286606144064187e+00  -3.8511553362319262e-01  4.7265563709680818e-02
1.0362499999999999e+02  6.2342240953349402e+00  -3.8506511464867188e-01  4.7307979086646176e-02
1.0387500000000000e+02  6.2397602329157191e+00  -3.8503795618148473e-01  4.7349772249193560e-02
1.0412500000000000e+02  6.2452691937341092e+00  -3.8503390326896936e-01  4.7390945564042941e-02
1.0437500000000000e+02  6.2507509693297383e+00  -3.8505297366114100e-01  4.7431506753046332e-02
1.0462499999999999e+02  6.2562057207646609e+00  -3.8509501771866583e-01  4.7471458394514679e-02
1.0487500000000000e+02  6.2616336019878238e+00  -3.8515989275822538e-01  4.7510803137595994e-02
1.0512499999999999e+02  6.2670346026475832e+00  -3.8524761818902498e-01  4.7549549054580753e-02
1.0537500000000000e+02  6.2724088615550260e+00  -3.8535806613628409e-01  4.7587699409427635e-02
1.0562500000000000e+02  6.2777565166354101e+00  -3.8549110953571475e-01  4.7625257392052471e-02
1.0587499999999999e+02  6.2830776262453591e+00  -3.8564669979061605e-01  4.7662228989362794e-02
1.0612500000000000e+02  6.2883723516293752e+00  -3.8582468669933867e-01  4.7698616500876423e-02
1.0637500000000001e+02  6.2936407355686930e+00  -3.8602503691314638e-01  4.7734426579873500e-02
1.0662500000000000e+02  6.2988828858198351e+00  -3.8624765289771767e-01  4.7769663557459416e-02
1.0687499999999999e+02  6.3040989475086837e+00  -3.8649240018131925e-01  4.7804330243638650e-02
1.0712500000000000e+02  6.3092889867912154e+00  -3.8675922216960812e-01  4.7838432576085041e-02
1.0737499999999999e+02  6.3144531214527575e+00  -3.8704801125861010e-01  4.7871974457151426e-02
1.0762500000000000e+02  6.3195914596559879e+00  -3.8735866928529550e-01  4.7904960160144373e-02
1.0787500000000000e+02  6.3247041288735213e+00  -3.8769107897589317e-01  4.7937393066192942e-02
1.0812499999999999e+02  6.3297912225544621e+00  -3.8804515657894401e-01  4.7969278036800754e-02
1.0837500000000000e+02  6.3348528167610718e+00  -3.8842083544906592e-01  4.8000620837682480e-02
1.0862500000000001e+02  6.3398890252466131e+00  -3.8881801169165175e-01  4.8031425533775242e-02
1.0887500000000000e+02  6.3448999749467063e+00  -3.8923656835269194e-01  4.8061695464660728e-02
1.0912499999999999e+02  6.3498857629335426e+00  -3.8967641789815710e-01  4.8091435428636170e-02
1.0937499999999999e+02  6.3548465270405154e+00  -3.9013743252017807e-01  4.8120648028335100e-02
1.0962499999999999e+02  6.3597823372026161e+00  -3.9061955136559323e-01  4.8149339510534836e-02
1.0987500000000000e+02  6.3646932919289485e+00  -3.9112268533543526e-01  4.8177514703440269e-02
1.1012500000000000e+02  6.3695795100133505e+00  -3.9164672526588973e-01  4.8205177258138679e-02
1.1037499999999999e+02  6.3744411274987263e+00  -3.9219154492387043e-01  4.8232329613902836e-02
1.1062500000000000e+02  6.3792782119264562e+00  -3.9275708563004663e-01  4.8258978469899426e-02
1.1087500000000001e+02  6.3840908975091217e+00  -3.9334322286672574e-01  4.8285126292510860e-02
1.1112500000000000e+02  6.3888792688513201e+00  -3.9394988102569028e-01  4.8310778829227047e-02
1.1137499999999999e+02  6.3936434519354064e+00  -3.9457694362188755e-01  4.8335938947692961e-02
1.1162499999999999e+02  6.3983835499219701e+00  -3.9522431664841573e-01  4.8360611061841773e-02
1.1187499999999999e+02  6.4030996755396243e+00  -3.9589189661329716e-01  4.8384798808602268e-02
1.1212500000000000e+02  6.4077919021241438e+00  -3.9657961885565518e-01  4.8408509179861274e-02
1.1237500000000000e+02  6.4124603949153416e+00  -3.9728732798068833e-01  4.8431741204867346e-02
1.1262499999999999e+02  6.4171052018016139e+00  -3.9801498435681459e-01  4.8454504275246474e-02
1.1287500000000000e+02  6.4217264657882556e+00  -3.9876245444906333e-01  4.8476799099042164e-02
1.1312500000000001e+02  6.4263242812666892e+00  -3.9952965265522256e-01  4.8498630889914490e-02
1.1337500000000000e+02  6.4308987598779650e+00  -4.0031647631107070e-01  4.8520003091325439e-02
1.1362499999999999e+02  6.4354500024734076e+00  -4.0112283336168542e-01  4.8540920316473224e-02
1.1387499999999999e+02  6.4399781077277121e+00  -4.0194863386135582e-01  4.8561387636955347e-02
1.1412499999999999e+02  6.4444832018790210e+00  -4.0279376062542882e-01  4.8581406253597872e-02
1.1437500000000000e+02  6.4489653763380286e+00  -4.0365813080107094e-01  4.8600982059191208e-02
1.1462500000000000e+02  6.4534247376629148e+00  -4.0454164655048652e-01  4.8620118913959946e-02
1.1487499999999999e+02  6.4578613958269635e+00  -4.0544420662844027e-01  4.8638819852107676e-02
1.1512500000000000e+02  6.4622754540793492e+00  -4.0636571638999719e-01  4.8657088942182236e-02
1.1537500000000001e+02  6.4666670085924043e+00  -4.0730608813768976e-01  4.8674932256816482e-02
1.1562500000000000e+02  6.4710361777132253e+00  -4.0826521225540624e-01  4.8692350056377558e-02
1.1587499999999999e+02  6.4753830590503787e+00  -4.0924299955847143e-01  4.8709347588586936e-02
1.1612499999999999e+02  6.4797077521994231e+00  -4.1023935886654517e-01  4.8725930672002246e-02
1.1637499999999999e+02  6.4840103656322796e+00  -4.1125419020576892e-01  4.8742101423533746e-02
1.1662500000000000e+02  6.4882910028487029e+00  -4.1228739847493356e-01  4.8757863058505838e-02
1.1687500000000000e+02  6.4925497656986995e+00  -4.1333889016774128e-01  4.8773219174641239e-02
1.1712499999999999e+02  6.4967867573483495e+00  -4.1440857044613155e-01  4.8788176792125451e-02
1.1737500000000000e+02  6.5010020790802203e+00  -4.1549634629798238e-01  4.8802734965785438e-02
1.1762500000000001e+02  6.5051958334039313e+00  -4.1660212346823533e-01  4.8816899857915895e-02
1.1787500000000000e+02  6.5093681235575804e+00  -4.1772580695034955e-01  4.8830675583656044e-02
1.1812499999999999e+02  6.5135190497964155e+00  -4.1886730465068389e-01  4.8844064991261212e-02
1.1837499999999999e+02  6.5176487105010006e+00  -4.2002652629366199e-01  4.8857071025132572e-02
1.1862499999999999e+02  6.5217572119077021e+00  -4.2120337381989081e-01  4.8869698969497256e-02
1.1887500000000000e+02  6.5258446483504331e+00  -4.2239776088653880e-01  4.8881950832760014e-02
1.1912500000000000e+02  6.5299111225729813e+00  -4.2360959281994059e-01  4.8893830940962411e-02
1.1937499999999999e+02  6.5339567322934604e+00  -4.2483877987608842e-01  4.8905342517457977e-02
1.1962500000000000e+02  6.5379815843000273e+00  -4.2608522332942833e-01  4.8916490320828093e-02
1.1987500000000001e+02  6.5419857589648487e+00  -4.2734885049804028e-01  4.8927275051479431e-02
1.2012500000000000e+02  6.5459693792718410e+00  -4.2862954661108343e-01  4.8937703777979624e-02
1.2037499999999999e+02  6.5499325412039155e+00  -4.2992722351924462e-01  4.8947779347557140e-02
1.2062499999999999e+02  6.5538753157631362e+00  -4.3124181770326819e-01  4.8957502024396943e-02
1.2087499999999999e+02  6.5577978252274534e+00  -4.3257321500160728e-01  4.8966878225923063e-02
1.2112500000000000e+02  6.5617001526012482e+00  -4.3392133999098315e-01  4.8975909838393186e-02
1.2137500000000000e+02  6.5655824014608317e+00  -4.3528609691366560e-01  4.8984601003583240e-02
1.2162499999999999e+02  6.5694446736687215e+00  -4.3666739167508162e-01  4.8992955562948852e-02
1.2187500000000000e+02  6.5732870397458676e+00  -4.3806516109211735e-01  4.9000974685018253e-02
1.2212500000000001e+02  6.5771096238939410e+00  -4.3947928896306010e-01  4.9008664190067774e-02
1.2237500000000000e+02  6.5809125098611592e+00  -4.4090969899342491e-01  4.9016026416543214e-02
1.2262499999999999e+02  6.5846958071438237e+00  -4.4235628944249017e-01  4.9023065719314689e-02
1.2287499999999999e+02  6.5884595863570388e+00  -4.4381899692699323e-01  4.9029783617454976e-02
1.2312499999999999e+02  6.5922039376193915e+00  -4.4529773878390611e-01  4.9036183208023852e-02
1.2337500000000000e+02  6.5959289555001277e+00  -4.4679242793001039e-01  4.9042267891454300e-02
1.2362500000000000e+02  6.5996347615545101e+00  -4.4830295061324854e-01  4.9048042680727114e-02
1.2387499999999999e+02  6.6033214421094009e+00  -4.4982922783411494e-01  4.9053510268256474e-02
1.2412500000000000e+02  6.6069890636572604e+00  -4.5137120015095711e-01  4.9058672312031384e-02
1.2437500000000001e+02  6.6106377107763743e+00  -4.5292879024066579e-01  4.9063531653314042e-02
1.2462500000000000e+02  6.6142675348493549e+00  -4.5450185479741156e-01  4.9068094674250336e-02
1.2487499999999999e+02  6.6178785575539836e+00  -4.5609037855018864e-01  4.9072360765297376e-02
1.2512499999999999e+02  6.6214709224006603e+00  -4.5769422591380993e-01  4.9076335760031536e-02
1.2537500000000000e+02  6.6250446544244816e+00  -4.5931337825651575e-01  4.9080019528490684e-02
1.2562500000000000e+02  6.6285998963066124e+00  -4.6094770075960989e-01  4.9083417730223601e-02
1.2587500000000000e+02  6.6321367606483852e+00  -4.6259708827926316e-01  4.9086534380148039e-02
1.2612499999999999e+02  6.6356552706615020e+00  -4.6426152391249031e-01  4.9089369496884437e-02
1.2637500000000000e+02  6.6391555600694510e+00  -4.6594088160961578e-01  4.9091928086084979e-02
1.2662500000000001e+02  6.6426376473478372e+00  -4.6763514910020332e-01  4.9094210213314712e-02
1.2687500000000000e+02  6.6461017341767086e+00  -4.6934413317850066e-01  4.9096223544104332e-02
1.2712499999999999e+02  6.6495477895691568e+00  -4.7106787037089370e-01  4.9097966222717553e-02
1.2737499999999999e+02  6.6529760189828098e+00  -4.7280616368972073e-01  4.9099445814301750e-02
1.2762500000000000e+02  6.6563863686136298e+00  -4.7455907215256588e-01  4.9100659864041246e-02
1.2787500000000000e+02  6.6597790438918638e+00  -4.7632639874742511e-01  4.9101615740613190e-02
1.2812500000000000e+02  6.6631540769483291e+00  -4.7810811758177296e-01  4.9102314308248102e-02
1.2837500000000000e+02  6.6665115833834454e+00  -4.7990412030695406e-01  4.9102759463050538e-02
1.2862500000000000e+02  6.6698515806133534e+00  -4.8171439552087980e-01  4.9102951720379838e-02
1.2887500000000000e+02  6.6731741966803408e+00  -4.8353882254109815e-01  4.9102895404274240e-02
1.2912500000000000e+02  6.6764795797078813e+00  -4.8537726082447419e-01  4.9102595332945378e-02
1.2937500000000000e+02  6.6797676810501629e+00  -4.8722976415273944e-01  4.9102050010463208e-02
1.2962499999999997e+02  6.6830386402760933e+00  -4.8909620038820600e-01  4.9101264033698327e-02
1.2987500000000000e+02  6.6862926027502736e+00  -4.9097643164156990e-01  4.9100242005490582e-02
1.3012500000000000e+02  6.6895295570566935e+00  -4.9287047486127555e-01  4.9098983792644810e-02
1.3037500000000000e+02  6.6927496320527000e+00  -4.9477820841787734e-01  4.9097493487990786e-02
1.3062500000000000e+02  6.6959529129753506e+00  -4.9669955374614849e-01  4.9095773847260930e-02
1.3087500000000000e+02  6.6991394396242345e+00  -4.9863447714241271e-01  4.9093826357776614e-02
1.3112500000000000e+02  6.7023093642810165e+00  -5.0058283376722290e-01  4.9091655613711538e-02
1.3137500000000000e+02  6.7054626755141973e+00  -5.0254464048555825e-01  4.9089261741959309e-02
1.3162500000000000e+02  6.7085995110580203e+00  -5.0451976678307453e-01  4.9086648890384034e-02
1.3187499999999997e+02  6.7117199381141006e+00  -5.0650815180222653e-01  4.9083819303968795e-02
1.3212500000000000e+02  6.7148240344698813e+00  -5.0850972420585094e-01  4.9080775498256173e-02
1.3237500000000000e+02  6.7179118456794340e+00  -5.1052444448168011e-01  4.9077519200412173e-02
1.3262500000000000e+02  6.7209834978218419e+00  -5.1255219353923787e-01  4.9074054109910524e-02
1.3287500000000000e+02  6.7240390163372883e+00  -5.1459295169793595e-01  4.9070381472838008e-02
1.3312500000000000e+02  6.7270785819525134e+00  -5.1664654582607339e-01  4.9066506186650066e-02
1.3337500000000000e+02  6.7301021306219022e+00  -5.1871304462023682e-01  4.9062427433827389e-02
1.3362500000000000e+02  6.7331098617512231e+00  -5.2079225644764060e-01  4.9058150470106289e-02
1.3387500000000000e+02  6.7361017340181295e+00  -5.2288422751696739e-01  4.9053675090276937e-02
1.3412499999999997e+02  6.7390779617581158e+00  -5.2498875139316947e-01  4.9049006741473000e-02
1.3437500000000000e+02  6.7420384315903990e+00  -5.2710594545596301e-01  4.9044143749086749e-02
1.3462500000000000e+02  6.7449833982012439e+00  -5.2923556335006561e-01  4.9039092324698101e-02
1.3487500000000000e+02  6.7479128368076617e+00  -5.3137763486742218e-01  4.9033852723764086e-02
1.3512500000000000e+02  6.7508268325667160e+00  -5.3353208113809503e-01  4.9028427530238138e-02
1.3537500000000000e+02  6.7537255164676138e+00  -5.3569877797338927e-01  4.9022820199750794e-02
1.3562500000000000e+02  6.7566088945016034e+00  -5.3787772469919259e-01  4.9017031689690981e-02
1.3587500000000000e+02  6.7594770761877925e+00  -5.4006881830464648e-01  4.9011065000760488e-02
1.3612500000000000e+02  6.7623300736801033e+00  -5.4227205198899986e-01  4.9004921250930471e-02
1.3637499999999997e+02  6.7651680049534022e+00  -5.4448731434389197e-01  4.8998603577893235e-02
1.3662500000000000e+02  6.7679909231583189e+00  -5.4671455801000679e-01  4.8992113870926994e-02
1.3687500000000000e+02  6.7707989698244102e+00  -5.4895364825010562e-01  4.8985455610163604e-02
1.3712500000000000e+02  6.7735921368622281e+00  -5.5120459819722489e-01  4.8978629553659246e-02
1.3737500000000000e+02  6.7763705006015149e+00  -5.5346733752409971e-01  4.8971638003270479e-02
1.3762500000000000e+02  6.7791341312196023e+00  -5.5574180196266765e-01  4.8964483130432807e-02
1.3787500000000000e+02  6.7818831669339694e+00  -5.5802785996359239e-01  4.8957168243617025e-02
1.3812500000000000e+02  6.7846175790754923e+00  -5.6032554493568654e-01  4.8949693809354496e-02
1.3837500000000000e+02  6.7873374529608412e+00  -5.6263477758759839e-01  4.8942062235128647e-02
1.3862499999999997e+02  6.7900428630365424e+00  -5.6495548935516471e-01  4.8934275732156148e-02
1.3887500000000000e+02  6.7927338797569448e+00  -5.6728761559868257e-01  4.8926336423332967e-02
1.3912500000000000e+02  6.7954106729089077e+00  -5.6963099344912882e-01  4.8918247973098426e-02
1.3937500000000000e+02  6.7980731434396944e+00  -5.7198572582037732e-01  4.8910009810223885e-02
1.3962500000000000e+02  6.8007214455869542e+00  -5.7435166517910430e-01  4.8901625338348929e-02
1.3987500000000000e+02  6.8033556318805752e+00  -5.7672876452980582e-01  4.8893096349800907e-02
1.4012500000000000e+02  6.8059758399810537e+00  -5.7911689268158728e-01  4.8884425896631924e-02
1.4037500000000000e+02  6.8085820116842930e+00  -5.8151611209830145e-01  4.8875614114084934e-02
1.4062500000000000e+02  6.8111742041609054e+00  -5.8392637114778445e-01  4.8866662884730898e-02
1.4087499999999997e+02  6.8137526082580120e+00  -5.8634748598227038e-01  4.8857575967334109e-02
1.4112500000000000e+02  6.8163171835935739e+00  -5.8877950139603774e-01  4.8848353795262076e-02
1.4137500000000000e+02  6.8188680050192145e+00  -5.9122234821140962e-01  4.8838998448407986e-02
1.4162500000000000e+02  6.8214052054896559e+00  -5.9367589976890844e-01  4.8829512783863736e-02
1.4187500000000000e+02  6.8239287471590586e+00  -5.9614019830891740e-01  4.8819897307325423e-02
1.4212500000000000e+02  6.8264387773113322e+00  -5.9861510295888287e-01  4.8810155028838474e-02
1.4237500000000000e+02  6.8289352941236183e+00  -6.0110062030025846e-01  4.8800286949408939e-02
1.4262500000000000e+02  6.8314183865278908e+00  -6.0359666713484339e-01  4.8790295268273075e-02
1.4287500000000000e+02  6.8338881397434212e+00  -6.0610316391553187e-01  4.8780182108782245e-02
1.4312499999999997e+02  6.8363445753526761e+00  -6.0862009402219464e-01  4.8769948770234398e-02
1.4337500000000000e+02  6.8387878360017700e+00  -6.1114732106443359e-01  4.8759598065156458e-02
1.4362499999999997e+02  6.8412179241355506e+00  -6.1368484731531758e-01  4.8749131029372221e-02
1.4387500000000000e+02  6.8436347981751799e+00  -6.1623271859232309e-01  4.8738548204739142e-02
1.4412500000000000e+02  6.8460387448738631e+00  -6.1879065587952153e-01  4.8727854071208714e-02
1.4437500000000000e+02  6.8484296027338614e+00  -6.2135882359478467e-01  4.8717047718733704e-02
1.4462500000000000e+02  6.8508075542391742e+00  -6.2393704583534237e-01  4.8706132333254049e-02
1.4487500000000000e+02  6.8531725632486671e+00  -6.2652536297366801e-01  4.8695108517292883e-02
1.4512500000000000e+02  6.8555248081929401e+00  -6.2912360307271431e-01  4.8683979341917274e-02
1.4537500000000000e+02  6.8578642723805237e+00  -6.3173178722993661e-01  4.8672745626157740e-02
1.4562500000000000e+02  6.8601909919601098e+00  -6.3434988424785255e-01  4.8661408799481262e-02
1.4587499999999997e+02  6.8625050749923480e+00  -6.3697779175599889e-01  4.8649971074549485e-02
1.4612500000000000e+02  6.8648064687496815e+00  -6.3961556646870132e-01  4.8638432899959352e-02
1.4637500000000000e+02  6.8670955275518271e+00  -6.4226286228737850e-01  4.8626799088160380e-02
1.4662500000000000e+02  6.8693719667638344e+00  -6.4491996538155583e-01  4.8615067593707817e-02
1.4687500000000000e+02  6.8716360271931789e+00  -6.4758664194281401e-01  4.8603241976947098e-02
1.4712500000000000e+02  6.8738877436964350e+00  -6.5026286194289318e-01  4.8591323577603804e-02
1.4737500000000000e+02  6.8761270601944346e+00  -6.5294868534643502e-01  4.8579312831357496e-02
1.4762500000000000e+02  6.8783542534453828e+00  -6.5564384268485210e-01  4.8567213528762546e-02
1.4787500000000000e+02  6.8805692390606739e+00  -6.5834842190211651e-01  4.8555025786789920e-02
1.4812500000000000e+02  6.8827718444786159e+00  -6.6106259821883828e-01  4.8542748922039906e-02
1.4837500000000000e+02  6.8849626090294915e+00  -6.6378584220316039e-01  4.8530389194359869e-02
1.4862500000000000e+02  6.8871410966975644e+00  -6.6651858981724921e-01  4.8517943353434304e-02
1.4887500000000000e+02  6.8893077586805296e+00  -6.6926039880854615e-01  4.8505416701034719e-02
1.4912500000000000e+02  6.8914624680387844e+00  -6.7201139917938502e-01  4.8492808981917900e-02
1.4950000000000000e+02  6.8946721497661363e+00  -6.7615511449356269e-01  4.8473747808471870e-02
1.4987500000000000e+02  6.8978553427039877e+00  -6.8031913419826173e-01  4.8454513407928730e-02
1.5025000000000000e+02  6.9010120852828614e+00  -6.8450343474680775e-01  4.8435109341014922e-02
1.5062500000000000e+02  6.9041427365985681e+00  -6.8870767503080188e-01  4.8415541975296940e-02
1.5100000000000000e+02  6.9072472325391328e+00  -6.9293193288041044e-01  4.8395813918620231e-02
1.5137500000000000e+02  6.9103258322483327e+00  -6.9717596598557474e-01  4.8375930564262780e-02
1.5175000000000000e+02  6.9133787664040254e+00  -7.0143956012952025e-01  4.8355896976484604e-02
1.5212500000000000e+02  6.9164061761213151e+00  -7.0572258969605928e-01  4.8335717403717886e-02
1.5250000000000000e+02  6.9194082100876875e+00  -7.1002492149665786e-01  4.8315396126109730e-02
1.5287500000000000e+02  6.9223850357296621e+00  -7.1434640370366598e-01  4.8294937526662460e-02
1.5325000000000000e+02  6.9253369008859185e+00  -7.1868680476180069e-01  4.8274346556108946e-02
1.5362500000000000e+02  6.9282637490748664e+00  -7.2304619445725749e-01  4.8253625767285258e-02
1.5400000000000000e+02  6.9311659578948435e+00  -7.2742421255031475e-01  4.8232781008963055e-02
1.5437500000000000e+02  6.9340434301708251e+00  -7.3182096900136040e-01  4.8211814490156629e-02
1.5475000000000000e+02  6.9368966694970595e+00  -7.3623597857832968e-01  4.8190732833522425e-02
1.5512500000000000e+02  6.9397258021036921e+00  -7.4066912976370380e-01  4.8169539766211890e-02
1.5550000000000000e+02  6.9425305882800101e+00  -7.4512067353517875e-01  4.8148236428274004e-02
1.5587500000000000e+02  6.9453116137444333e+00  -7.4959004301594989e-01  4.8126829765203952e-02
1.5625000000000000e+02  6.9480688287057619e+00  -7.5407730087495617e-01  4.8105322178239915e-02
1.5662500000000000e+02  6.9508022720978619e+00  -7.5858242182802282e-01  4.8083716705409736e-02
1.5700000000000000e+02  6.9535124794430443e+00  -7.6310488843162139e-01  4.8062019640439872e-02
1.5737500000000000e+02  6.9561992292634978e+00  -7.6764493329227923e-01  4.8040232178205494e-02
1.5775000000000000e+02  6.9588626921508379e+00  -7.7220240044869026e-01  4.8018358114460653e-02
1.5812500000000000e+02  6.9615031343822249e+00  -7.7677703902190043e-01  4.7996401782554932e-02
1.5850000000000000e+02  6.9641208301714475e+00  -7.8136859017255000e-01  4.7974367476677340e-02
1.5887500000000000e+02  6.9667156946325974e+00  -7.8597715090701614e-01  4.7952257212649327e-02
1.5925000000000000e+02  6.9692879688191729e+00  -7.9060249510923519e-01  4.7930074993680724e-02
1.5962500000000000e+02  6.9718380229904842e+00  -7.9524426848882390e-01  4.7907825504285038e-02
1.6000000000000000e+02  6.9743653328317414e+00  -7.9990300349155286e-01  4.7885508113610475e-02
1.6037500000000000e+02  6.9768708558144779e+00  -8.0457776355018185e-01  4.7863130841622581e-02
1.6075000000000000e+02  6.9793541349440122e+00  -8.0926901426695030e-01  4.7840693425452573e-02
1.6112500000000000e+02  6.9818153822253919e+00  -8.1397655796113400e-01  4.7818199460675094e-02
1.6150000000000000e+02  6.9842551638179735e+00  -8.1869984570567844e-01  4.7795654417683381e-02
1.6187500000000000e+02  6.9866732435542627e+00  -8.2343912401430419e-01  4.7773059254746189e-02
1.6225000000000000e+02  6.9890696680548858e+00  -8.2819435897452065e-01  4.7750416507414704e-02
1.6262500000000000e+02  6.9914448842064081e+00  -8.3296511967751963e-01  4.7727730793651758e-02
1.6300000000000000e+02  6.9937988483967120e+00  -8.3775146153711866e-01  4.7705004053876190e-02
1.6337500000000000e+02  6.9961315866577181e+00  -8.4255337086390192e-01  4.7682238597671636e-02
1.6375000000000000e+02  6.9984436570179209e+00  -8.4737030625452947e-01  4.7659439385017405e-02
1.6412500000000000e+02  7.0007345396589651e+00  -8.5220279528263676e-01  4.7636605889724411e-02
1.6450000000000000e+02  7.0030049154177556e+00  -8.5705017458148536e-01  4.7613743568525692e-02
1.6487500000000000e+02  7.0052546448995381e+00  -8.6191259428613654e-01  4.7590853745332763e-02
1.6525000000000000e+02  7.0074839950847192e+00  -8.6678980137634154e-01  4.7567939703787393e-02
1.6562499999999997e+02  7.0096930385138068e+00  -8.7168173563536033e-01  4.7545003728826432e-02
1.6600000000000000e+02  7.0118819892773327e+00  -8.7658819636272067e-01  4.7522048741573050e-02
1.6637500000000000e+02  7.0140508421435657e+00  -8.8150920038347458e-01  4.7499076596620844e-02
1.6675000000000000e+02  7.0161992709320398e+00  -8.8644508294857483e-01  4.7476087708677193e-02
1.6712500000000000e+02  7.0183282312593409e+00  -8.9139490740666849e-01  4.7453088215042523e-02
1.6750000000000000e+02  7.0204376815891480e+00  -8.9635872640440173e-01  4.7430079667893012e-02
1.6787499999999997e+02  7.0225270085074225e+00  -9.0133716008982390e-01  4.7407061170013615e-02
1.6825000000000000e+02  7.0245974903947568e+00  -9.0632895118408419e-01  4.7384039954262484e-02
1.6862500000000000e+02  7.0266484967714309e+00  -9.1133473666432607e-01  4.7361014989299552e-02
1.6900000000000000e+02  7.0286794858999562e+00  -9.1635506550676205e-01  4.7337985735538712e-02
1.6937500000000000e+02  7.0306922714104862e+00  -9.2138814883834819e-01  4.7314961321824098e-02
1.6975000000000000e+02  7.0326855983025238e+00  -9.2643524344584716e-01  4.7291938176775759e-02
1.7012499999999997e+02  7.0346601648373310e+00  -9.3149566733911726e-01  4.7268920701869784e-02
1.7050000000000000e+02  7.0366163039780778e+00  -9.3656910100791801e-01  4.7245911717067497e-02
1.7087500000000000e+02  7.0385531962120016e+00  -9.4165636899729854e-01  4.7222909522830606e-02
1.7125000000000000e+02  7.0404720632787106e+00  -9.4675626935576673e-01  4.7199920319105616e-02
1.7162500000000000e+02  7.0423719678335983e+00  -9.5186974357677245e-01  4.7176941964781546e-02
1.7200000000000000e+02  7.0442540476490985e+00  -9.5699567285344234e-01  4.7153980149461691e-02
1.7237499999999997e+02  7.0461176456300727e+00  -9.6213472038783010e-01  4.7131033783646366e-02
1.7275000000000000e+02  7.0479631881892368e+00  -9.6728647352848052e-01  4.7108105791045504e-02
1.7312500000000000e+02  7.0497906237154124e+00  -9.7245099421652270e-01  4.7085197295160572e-02
1.7350000000000000e+02  7.0516004155478997e+00  -9.7762783296635902e-01  4.7062311221193996e-02
1.7387500000000000e+02  7.0533921072328258e+00  -9.8281745367933127e-01  4.7039447214524674e-02
1.7425000000000000e+02  7.0551666309003229e+00  -9.8801894114726885e-01  4.7016609717131376e-02
1.7462500000000000e+02  7.0569232364953418e+00  -9.9323305080564861e-01  4.6993797332127350e-02
1.7500000000000000e+02  7.0586624089975833e+00  -9.9845931143049160e-01  4.6971012880462258e-02
1.7537500000000000e+02  7.0603844041081407e+00  -1.0036974794268669e+00  4.6948258325543848e-02
1.7575000000000000e+02  7.0620891176498892e+00  -1.0089476686307628e+00  4.6925534413828560e-02
1.7612500000000000e+02  7.0637765579313747e+00  -1.0142098811118236e+00  4.6902842243401112e-02
1.7650000000000000e+02  7.0654471375722538e+00  -1.0194837172331992e+00  4.6880184176701950e-02
1.7687500000000000e+02  7.0671004720378168e+00  -1.0247695692516006e+00  4.6857560002073306e-02
1.7725000000000000e+02  7.0687374376940548e+00  -1.0300665766545931e+00  4.6834973434133328e-02
1.7762500000000000e+02  7.0703570936232794e+00  -1.0353756844511803e+00  4.6812422513608384e-02
1.7800000000000000e+02  7.0719602920685940e+00  -1.0406960559692990e+00  4.6789910785684626e-02
1.7837500000000000e+02  7.0735474102584037e+00  -1.0460273263876552e+00  4.6767440243225461e-02
1.7875000000000000e+02  7.0751175041558811e+00  -1.0513704438146134e+00  4.6745008935101029e-02
1.7912500000000000e+02  7.0766721693201129e+00  -1.0567238326236748e+00  4.6722622375009640e-02
1.7950000000000000e+02  7.0782099185774134e+00  -1.0620889806705982e+00  4.6700277029397649e-02
1.7987500000000000e+02  7.0797313151202568e+00  -1.0674653381883528e+00  4.6677975340325500e-02
1.8025000000000000e+02  7.0812370138843592e+00  -1.0728522640890490e+00  4.6655719901624260e-02
1.8062500000000000e+02  7.0827265758323250e+00  -1.0782502045503679e+00  4.6633510199334302e-02
1.8100000000000000e+02  7.0842008586388552e+00  -1.0836583168109493e+00  4.6611349271200087e-02
1.8137500000000000e+02  7.0856587838309348e+00  -1.0890776826356179e+00  4.6589234843752395e-02
1.8175000000000000e+02  7.0871013139508596e+00  -1.0945073549180453e+00  4.6567170166638167e-02
1.8212500000000000e+02  7.0885282481196370e+00  -1.0999475430000110e+00  4.6545155304052677e-02
1.8250000000000000e+02  7.0899394756628604e+00  -1.1053983665507587e+00  4.6523190560302942e-02
1.8287500000000000e+02  7.0913356189494055e+00  -1.1108592164007729e+00  4.6501278109676421e-02
1.8325000000000000e+02  7.0927167744633053e+00  -1.1163300061358266e+00  4.6479418703371106e-02
1.8362500000000000e+02  7.0940824735023087e+00  -1.1218112112978478e+00  4.6457611658469164e-02
1.8400000000000000e+02  7.0954322305916939e+00  -1.1273033241644814e+00  4.6435856287095720e-02
1.8437500000000000e+02  7.0967679381954847e+00  -1.1328044723631523e+00  4.6414157723039175e-02
1.8475000000000000e+02  7.0980886993319121e+00  -1.1383155572254369e+00  4.6392514162305949e-02
1.8512499999999997e+02  7.0993944073015003e+00  -1.1438366942602514e+00  4.6370925762903047e-02
1.8549999999999997e+02  7.1006859473332797e+00  -1.1493670124318398e+00  4.6349395001491100e-02
1.8587500000000000e+02  7.1019619440372708e+00  -1.1549078889693436e+00  4.6327919001063707e-02
1.8625000000000000e+02  7.1032241210826497e+00  -1.1604576188301983e+00  4.6306502120495301e-02
1.8662500000000000e+02  7.1044716699230985e+00  -1.1660170154376077e+00  4.6285142777108053e-02
1.8700000000000000e+02  7.1057046859548310e+00  -1.1715859931480281e+00  4.6263841481784515e-02
1.8737500000000003e+02  7.1069238912974200e+00  -1.1771638428340072e+00  4.6242600107859362e-02
1.8774999999999997e+02  7.1081284837579082e+00  -1.1827513716467082e+00  4.6221417105398607e-02
1.8812500000000000e+02  7.1093188382730075e+00  -1.1883482157634120e+00  4.6200293524922699e-02
1.8850000000000000e+02  7.1104954641656679e+00  -1.1939538775889353e+00  4.6179230660538140e-02
1.8887500000000000e+02  7.1116583911997422e+00  -1.1995683365556546e+00  4.6158228719985886e-02
1.8925000000000000e+02  7.1128071363780876e+00  -1.2051920822661142e+00  4.6137286824473947e-02
1.8962499999999997e+02  7.1139417389236810e+00  -1.2108250847621900e+00  4.6116405203210101e-02
1.8999999999999997e+02  7.1150633325049979e+00  -1.2164662250137224e+00  4.6095586296642559e-02
1.9037500000000000e+02  7.1161709991642157e+00  -1.2221164253829273e+00  4.6074828287320971e-02
1.9075000000000000e+02  7.1172648836817212e+00  -1.2277755507812751e+00  4.6054131545219985e-02
1.9112500000000000e+02  7.1183459738727670e+00  -1.2334426270993695e+00  4.6033498070456168e-02
1.9150000000000000e+02  7.1194134851923891e+00  -1.2391184439658409e+00  4.6012926310916975e-02
1.9187500000000003e+02  7.1204684029648186e+00  -1.2448020296170799e+00  4.5992418173929947e-02
1.9224999999999997e+02  7.1215090047443663e+00  -1.2504951071943822e+00  4.5971970312194771e-02
1.9262500000000000e+02  7.1225368095940382e+00  -1.2561961736585965e+00  4.5951585612573134e-02
1.9300000000000000e+02  7.1235520778983146e+00  -1.2619049785934884e+00  4.5931264474921220e-02
1.9337500000000000e+02  7.1245541290701206e+00  -1.2676222081991364e+00  4.5911005530239815e-02
1.9375000000000000e+02  7.1255440493647004e+00  -1.2733467899368165e+00  4.5890810670612646e-02
1.9412499999999997e+02  7.1265201220510841e+00  -1.2790804414768893e+00  4.5870676636675933e-02
1.9449999999999997e+02  7.1274849035596031e+00  -1.2848206266126119e+00  4.5850607898247110e-02
1.9487500000000000e+02  7.1284351619255881e+00  -1.2905705715769704e+00  4.5830598525259308e-02
1.9525000000000000e+02  7.1293744404313770e+00  -1.2963267574866264e+00  4.5810654615188073e-02
1.9562500000000000e+02  7.1303011484445049e+00  -1.3020907765497700e+00  4.5790773140903476e-02
1.9600000000000000e+02  7.1312149714729269e+00  -1.3078629505529955e+00  4.5770953355562430e-02
1.9637500000000003e+02  7.1321171738482114e+00  -1.3136420292252597e+00  4.5751197180826229e-02
1.9674999999999997e+02  7.1330063894392177e+00  -1.3194293814524864e+00  4.5731502057495169e-02
1.9712500000000000e+02  7.1338844108919419e+00  -1.3252232307542768e+00  4.5711870706211473e-02
1.9750000000000000e+02  7.1347493042221304e+00  -1.3310255115447798e+00  4.5692299639333335e-02
1.9787500000000000e+02  7.1356034000802460e+00  -1.3368339114201029e+00  4.5672792366486054e-02
1.9825000000000000e+02  7.1364452223609476e+00  -1.3426499088626080e+00  4.5653346151478237e-02
1.9862499999999997e+02  7.1372747900925484e+00  -1.3484734934717331e+00  4.5633960709148144e-02
1.9899999999999997e+02  7.1380930957687454e+00  -1.3543036852613106e+00  4.5614637253127900e-02
1.9937500000000000e+02  7.1388995712513914e+00  -1.3601410585432747e+00  4.5595374518922052e-02
1.9975000000000000e+02  7.1396948560036515e+00  -1.3659849848406296e+00  4.5576173101797256e-02
2.0012500000000000e+02  7.1404784671016044e+00  -1.3718359535969613e+00  4.5557031852840386e-02
2.0050000000000000e+02  7.1412515462726915e+00  -1.3776928359396399e+00  4.5537952074362217e-02
2.0087500000000003e+02  7.1420124080032128e+00  -1.3835573192572879e+00  4.5518930802494771e-02
2.0124999999999997e+02  7.1427610940783932e+00  -1.3894293704138256e+00  4.5499967694777016e-02
2.0162500000000000e+02  7.1434998797384841e+00  -1.3953067311858880e+00  4.5481065624649888e-02
2.0200000000000000e+02  7.1442285519611852e+00  -1.4011896220326197e+00  4.5462223747451479e-02
2.0237500000000000e+02  7.1449448018778687e+00  -1.4070803515864534e+00  4.5443438274166338e-02
2.0275000000000000e+02  7.1456500206233544e+00  -1.4129775422704851e+00  4.5424710709637953e-02
2.0312499999999997e+02  7.1463445000842780e+00  -1.4188809115908034e+00  4.5406040945826016e-02
2.0349999999999997e+02  7.1470296237453681e+00  -1.4247890893170583e+00  4.5387430343927865e-02
2.0387500000000000e+02  7.1477024804889613e+00  -1.4307049844150743e+00  4.5368874359045928e-02
2.0425000000000000e+02  7.1483654619858061e+00  -1.4366262220564785e+00  4.5350375707647467e-02
2.0462500000000000e+02  7.1490167484595029e+00  -1.4425546239036580e+00  4.5331931381582979e-02
2.0500000000000000e+02  7.1496600056988138e+00  -1.4484865451645126e+00  4.5313545653923495e-02
2.0537500000000003e+02  7.1502910194980522e+00  -1.4544261937041849e+00  4.5295212368506595e-02
2.0574999999999997e+02  7.1509110731873182e+00  -1.4603722989580561e+00  4.5276932647549548e-02
2.0612500000000000e+02  7.1515225062886056e+00  -1.4663225375246909e+00  4.5258708874261061e-02
2.0650000000000000e+02  7.1521232994143551e+00  -1.4722789301754586e+00  4.5240537815954232e-02
2.0687500000000000e+02  7.1527139263370634e+00  -1.4782410129641081e+00  4.5222419451485765e-02
2.0725000000000000e+02  7.1532936530718407e+00  -1.4842095257102104e+00  4.5204352231324088e-02
2.0762499999999997e+02  7.1538654966737107e+00  -1.4901814693370046e+00  4.5186339206071922e-02
2.0799999999999997e+02  7.1544251119068623e+00  -1.4961611832620267e+00  4.5168374397187377e-02
2.0837500000000000e+02  7.1549769672913284e+00  -1.5021442214406888e+00  4.5150462540890564e-02
2.0875000000000000e+02  7.1555187213018332e+00  -1.5081329260859428e+00  4.5132600112480860e-02
2.0912500000000000e+02  7.1560491481646835e+00  -1.5141285274016898e+00  4.5114785004390645e-02
2.0950000000000000e+02  7.1565709690691586e+00  -1.5201283208243259e+00  4.5097019711442761e-02
2.0987500000000003e+02  7.1570828781046121e+00  -1.5261336163852079e+00  4.5079301994038028e-02
2.1024999999999997e+02  7.1575870757316951e+00  -1.5321422283917090e+00  4.5061633630050897e-02
2.1062500000000000e+02  7.1580803362604195e+00  -1.5381573809661497e+00  4.5044010217803868e-02
2.1100000000000000e+02  7.1585660176247359e+00  -1.5441757342957416e+00  4.5026434790214384e-02
2.1137500000000000e+02  7.1590408603274174e+00  -1.5502005464023547e+00  4.5008902973308611e-02
2.1174999999999997e+02  7.1595070428683760e+00  -1.5562296533057882e+00  4.4991416424626507e-02
2.1212499999999997e+02  7.1599642296978017e+00  -1.5622633976804310e+00  4.4973974007562277e-02
2.1249999999999997e+02  7.1604132231661479e+00  -1.5683009875368810e+00  4.4956575800832052e-02
2.1287500000000000e+02  7.1608517747077958e+00  -1.5743446732219275e+00  4.4939218636667555e-02
2.1325000000000000e+02  7.1612816430006507e+00  -1.5803927091364374e+00  4.4921903611862837e-02
2.1362500000000000e+02  7.1617042774933042e+00  -1.5864436578582244e+00  4.4904631417479191e-02
2.1400000000000000e+02  7.1621165748559212e+00  -1.5925006223150939e+00  4.4887398048057733e-02
2.1437500000000003e+02  7.1625211697692119e+00  -1.5985609830781549e+00  4.4870205405580663e-02
2.1474999999999997e+02  7.1629177279282183e+00  -1.6046250815715957e+00  4.4853052315052475e-02
2.1512500000000000e+02  7.1633046335662218e+00  -1.6106945373887247e+00  4.4835936357180257e-02
2.1550000000000000e+02  7.1636833375567166e+00  -1.6167679115676412e+00  4.4818858156481560e-02
2.1587500000000000e+02  7.1640542776567653e+00  -1.6228447755238440e+00  4.4801817304489032e-02
2.1624999999999997e+02  7.1644165861683833e+00  -1.6289260027845942e+00  4.4784812122867293e-02
2.1662499999999997e+02  7.1647710790917731e+00  -1.6350107874787421e+00  4.4767842554767581e-02
2.1699999999999997e+02  7.1651170273469429e+00  -1.6410998649190005e+00  4.4750907069363882e-02
2.1737500000000000e+02  7.1654545262749796e+00  -1.6471931480850328e+00  4.4734004916799637e-02
2.1775000000000000e+02  7.1657850097394240e+00  -1.6532892146630158e+00  4.4717136572104084e-02
2.1812500000000000e+02  7.1661062412715024e+00  -1.6593903037533124e+00  4.4700299125589794e-02
2.1850000000000000e+02  7.1664207421835249e+00  -1.6654939081560602e+00  4.4683494019571890e-02
2.1887500000000003e+02  7.1667273164278589e+00  -1.6716012290819595e+00  4.4666719297813039e-02
2.1924999999999997e+02  7.1670272955249557e+00  -1.6777109461415871e+00  4.4649975268649895e-02
2.1962500000000000e+02  7.1673178789982801e+00  -1.6838258613670090e+00  4.4633258594171110e-02
2.2000000000000000e+02  7.1676022311004610e+00  -1.6899428258320284e+00  4.4616571178100244e-02
2.2037500000000000e+02  7.1678778628329995e+00  -1.6960643309108914e+00  4.4599909988537821e-02
2.2074999999999997e+02  7.1681466432960796e+00  -1.7021885197563456e+00  4.4583275754386698e-02
2.2112499999999997e+02  7.1684091840657862e+00  -1.7083147901173148e+00  4.4566668090911019e-02
2.2149999999999997e+02  7.1686637088767400e+00  -1.7144449223729965e+00  4.4550084618927503e-02
