# q = 1.8153361174005404e+01 m1 = 9.4778984268530453e-01 m2 = 5.2210157314695332e-02 chi1 = 9.3312665151825458e-01 chi2 = 4.2824963485893319e-02 lm = 44 Mtot = 2.7453213230060959e+02 distance = 7.9370079055085316e+03
#fHz   cexp_i_alpha(re im)   cexp_i_epsilon(re im)    cexp_i_betah(re im)
1.3250000000000000e+01  -1.3547904274704733e+01  -1.7435581188122200e+01  3.6385077567241020e-02
1.3375000000000000e+01  -1.3361217927248148e+01  -1.7253801952596866e+01  3.5449782488611810e-02
1.3500000000000002e+01  -1.3186495786862146e+01  -1.7083921592697465e+01  3.4621308226070575e-02
1.3625000000000000e+01  -1.3022590133099964e+01  -1.6924801569682998e+01  3.3976711756541669e-02
1.3750000000000000e+01  -1.2867378952764673e+01  -1.6774331304478601e+01  3.3573355776378572e-02
1.3875000000000000e+01  -1.2717987762572060e+01  -1.6629648820997524e+01  3.3442339553048088e-02
1.4000000000000002e+01  -1.2571245515390270e+01  -1.6487595552016415e+01  3.3585698448159132e-02
1.4124999999999998e+01  -1.2424234966894694e+01  -1.6345265763588976e+01  3.3978423060476853e-02
1.4250000000000000e+01  -1.2274735185686859e+01  -1.6200448330485109e+01  3.4574670621742611e-02
1.4375000000000000e+01  -1.2121421643636220e+01  -1.6051826321983828e+01  3.5316149496073590e-02
1.4500000000000000e+01  -1.1963824373128430e+01  -1.5898934884018308e+01  3.6140375455177065e-02
1.4625000000000002e+01  -1.1802139022831557e+01  -1.5741972231501718e+01  3.6987235051540397e-02
1.4750000000000000e+01  -1.1636998225599097e+01  -1.5581571133893727e+01  3.7803318320482594e-02
1.4875000000000000e+01  -1.1469272685958387e+01  -1.5418600263544850e+01  3.8544235427447365e-02
1.5000000000000000e+01  -1.1299927692471110e+01  -1.5254021071824649e+01  3.9175447445198325e-02
1.5125000000000002e+01  -1.1129933310536472e+01  -1.5088798408247971e+01  3.9672151690913336e-02
1.5249999999999998e+01  -1.0960215446211794e+01  -1.4923852036639419e+01  4.0018640069136975e-02
1.5375000000000000e+01  -1.0791633900707499e+01  -1.4760035136132093e+01  4.0207410267613139e-02
1.5500000000000000e+01  -1.0624976167686974e+01  -1.4598128513966838e+01  4.0238193080449132e-02
1.5625000000000000e+01  -1.0460959142854749e+01  -1.4438842680359830e+01  4.0116986810002885e-02
1.5750000000000002e+01  -1.0300233553069294e+01  -1.4282822580242915e+01  3.9855136923163378e-02
1.5875000000000000e+01  -1.0143387776633856e+01  -1.4130651646801264e+01  3.9468475075799044e-02
1.6000000000000000e+01  -9.9909488526293178e+00  -1.3982852973152999e+01  3.8976510734304151e-02
1.6125000000000000e+01  -9.8433792169832515e+00  -1.3839886142212146e+01  3.8401659123062024e-02
1.6250000000000000e+01  -9.7010681451094793e+00  -1.3702138700522836e+01  3.7768484391127559e-02
1.6375000000000000e+01  -9.5643174906669071e+00  -1.3569911873364751e+01  3.7102930844210881e-02
1.6500000000000000e+01  -9.4333220677378709e+00  -1.3443400877743645e+01  3.6431517583838745e-02
1.6625000000000000e+01  -9.3081461689812155e+00  -1.3322671335901461e+01  3.5780477292695539e-02
1.6750000000000000e+01  -9.1886993722588084e+00  -1.3207634951400159e+01  3.5174833729560866e-02
1.6875000000000000e+01  -9.0747164565686234e+00  -1.3098029278049822e+01  3.4637435837498128e-02
1.7000000000000000e+01  -8.9657475094715409e+00  -1.2993407672648924e+01  3.4187993398008397e-02
1.7125000000000000e+01  -8.8611645201312328e+00  -1.2893145732521605e+01  3.3842192484984310e-02
1.7250000000000000e+01  -8.7601885837827247e+00  -1.2796468350233845e+01  3.3610987422565464e-02
1.7375000000000000e+01  -8.6619377887288938e+00  -1.2702497461370593e+01  3.3500167844595218e-02
1.7500000000000000e+01  -8.5654905096078267e+00  -1.2610315212701211e+01  3.3510275755549254e-02
1.7625000000000000e+01  -8.4699542164788753e+00  -1.2519032662931705e+01  3.3636893710340225e-02
1.7750000000000000e+01  -8.3745281636634417e+00  -1.2427852381368064e+01  3.3871268838981637e-02
1.7875000000000000e+01  -8.2785501213059280e+00  -1.2336115108107236e+01  3.4201181287600253e-02
1.8000000000000000e+01  -8.1815219528385814e+00  -1.2243325278579329e+01  3.4611936909698916e-02
1.8125000000000000e+01  -8.0831140595869488e+00  -1.2149155433188033e+01  3.5087368133495583e-02
1.8250000000000000e+01  -7.9831529730131363e+00  -1.2053433790887272e+01  3.5610743177511707e-02
1.8375000000000000e+01  -7.8815981647095823e+00  -1.1956121055490334e+01  3.6165526540903610e-02
1.8500000000000000e+01  -7.7785141533296160e+00  -1.1857282531874812e+01  3.6735964558953262e-02
1.8625000000000000e+01  -7.6740425835216195e+00  -1.1757060225345622e+01  3.7307499643645416e-02
1.8750000000000000e+01  -7.5683773141239703e+00  -1.1655647959021177e+01  3.7867033350194208e-02
1.8875000000000000e+01  -7.4617438220383692e+00  -1.1553270814295313e+01  3.8403067228747152e-02
1.9000000000000000e+01  -7.3543833198929347e+00  -1.1450169290012145e+01  3.8905750384314881e-02
1.9125000000000000e+01  -7.2465411490906826e+00  -1.1346587740554718e+01  3.9366860503738478e-02
1.9250000000000000e+01  -7.1384588112096905e+00  -1.1242766453910374e+01  3.9779740819633445e-02
1.9375000000000000e+01  -7.0303687742064476e+00  -1.1138936505403350e+01  4.0139207786474472e-02
1.9500000000000000e+01  -6.9224914980179699e+00  -1.1035316829435168e+01  4.0441445328694710e-02
1.9625000000000000e+01  -6.8150339173860255e+00  -1.0932112747087377e+01  4.0683890795664306e-02
1.9750000000000000e+01  -6.7081889912350885e+00  -1.0829515557507047e+01  4.0865119837760762e-02
1.9875000000000000e+01  -6.6021359560771735e+00  -1.0727702829856550e+01  4.0984736317946802e-02
2.0000000000000000e+01  -6.4970409461105811e+00  -1.0626839058508724e+01  4.1043264242024112e-02
2.0125000000000000e+01  -6.3930578567113852e+00  -1.0527076557355924e+01  4.1042047701922171e-02
2.0250000000000004e+01  -6.2903292718785124e+00  -1.0428556413908296e+01  4.0983157851251541e-02
2.0375000000000000e+01  -6.1889873736604573e+00  -1.0331409421047749e+01  4.0869304853475605e-02
2.0500000000000000e+01  -6.0891547479542032e+00  -1.0235756901001265e+01  4.0703759000509189e-02
2.0625000000000000e+01  -5.9909450704995555e+00  -1.0141711405259986e+01  4.0490274871901655e-02
2.0750000000000000e+01  -5.8944636016445386e+00  -1.0049377219489726e+01  4.0233023162527345e-02
2.0875000000000000e+01  -5.7998074703541720e+00  -9.9588506541170378e+00  3.9936526761559100e-02
2.1000000000000000e+01  -5.7070657835812586e+00  -9.8702201566169201e+00  3.9605599301305083e-02
2.1125000000000000e+01  -5.6163194398813694e+00  -9.7835661254670292e+00  3.9245289202239353e-02
2.1250000000000000e+01  -5.5276407349250007e+00  -9.6989605130740077e+00  3.8860824595812075e-02
2.1375000000000004e+01  -5.4410927094146757e+00  -9.6164661688601321e+00  3.8457560290896302e-02
2.1500000000000000e+01  -5.3567282663133051e+00  -9.5361359496144615e+00  3.8040925552117848e-02
2.1625000000000000e+01  -5.2745890261083099e+00  -9.4580115664739335e+00  3.7616372327891140e-02
2.1750000000000000e+01  -5.1947040234039399e+00  -9.3821222716735413e+00  3.7189322736723547e-02
2.1875000000000000e+01  -5.1170882338825239e+00  -9.3084833747906650e+00  3.6765115971609079e-02
2.2000000000000000e+01  -5.0417410151671938e+00  -9.2370946721958163e+00  3.6348954071844783e-02
2.2125000000000000e+01  -4.9686445668000161e+00  -9.1679388950900282e+00  3.5945846718441886e-02
2.2250000000000000e+01  -4.8977625036593020e+00  -9.1009802708018483e+00  3.5560555341575657e-02
2.2375000000000000e+01  -4.8290386941354608e+00  -9.0361633487590254e+00  3.5197537452568678e-02
2.2500000000000000e+01  -4.7623964786462842e+00  -8.9734122070539541e+00  3.4860891856930282e-02
2.2625000000000000e+01  -4.6977384448454282e+00  -8.9126302159382860e+00  3.4554306613389735e-02
2.2750000000000000e+01  -4.6349468731066397e+00  -8.8537004720560404e+00  3.4281011270987906e-02
2.2875000000000000e+01  -4.5738849531855994e+00  -8.7964870044110768e+00  3.4043735292256301e-02
2.3000000000000000e+01  -4.5143988234940942e+00  -8.7408368035745081e+00  3.3844674716931103e-02
2.3125000000000000e+01  -4.4563204061633721e+00  -8.6865826474341006e+00  3.3685468180096240e-02
2.3250000000000000e+01  -4.3994709835538712e+00  -8.6335466690192675e+00  3.3567185694883331e-02
2.3375000000000000e+01  -4.3436653091759787e+00  -8.5815444596378647e+00  3.3490328852861025e-02
2.3500000000000000e+01  -4.2887160624022744e+00  -8.5303895165769479e+00  3.3454843000282862e-02
2.3625000000000004e+01  -4.2344384010854750e+00  -8.4798977894350323e+00  3.3460144606980040e-02
2.3749999999999996e+01  -4.1806543111791576e+00  -8.4298920243380326e+00  3.3505156394033772e-02
2.3874999999999996e+01  -4.1271965289550527e+00  -8.3802056814984702e+00  3.3588355670564660e-02
2.4000000000000000e+01  -4.0739118341242353e+00  -8.3306862244035944e+00  3.3707826737062130e-02
2.4125000000000000e+01  -4.0206635593117275e+00  -8.2811976261260369e+00  3.3861321155720311e-02
2.4250000000000000e+01  -3.9673332781307016e+00  -8.2316220548335721e+00  3.4046318521688379e-02
2.4375000000000000e+01  -3.9138216237891621e+00  -8.1818606906529645e+00  3.4260089738363676e-02
2.4500000000000000e+01  -3.8600483962823455e+00  -8.1318338314368894e+00  3.4499755260204559e-02
2.4625000000000000e+01  -3.8059519616076720e+00  -8.0814802913472974e+00  3.4762342440189470e-02
2.4750000000000004e+01  -3.7514881179844783e+00  -8.0307562670072627e+00  3.5044837418273238e-02
2.4874999999999996e+01  -3.6966286560803141e+00  -7.9796338977248551e+00  3.5344229240739516e-02
2.5000000000000004e+01  -3.6413596036927167e+00  -7.9280995109656649e+00  3.5657550100404882e-02
2.5125000000000000e+01  -3.5856793630826935e+00  -7.8761517607909752e+00  3.5981908511269700e-02
2.5250000000000000e+01  -3.5295968704061309e+00  -7.8237997884946511e+00  3.6314515728746014e-02
2.5375000000000000e+01  -3.4731297396156284e+00  -7.7710613684310870e+00  3.6652707525149680e-02
2.5500000000000000e+01  -3.4163026319346299e+00  -7.7179612790325764e+00  3.6993959326737283e-02
2.5625000000000000e+01  -3.3591456979597440e+00  -7.6645297471163065e+00  3.7335897889873917e-02
2.5749999999999996e+01  -3.3016932086173449e+00  -7.6108010811251159e+00  3.7676308600936743e-02
2.5875000000000004e+01  -3.2439823672720633e+00  -7.5568124856402115e+00  3.8013139291098244e-02
2.5999999999999996e+01  -3.1860523142594923e+00  -7.5026030683053495e+00  3.8344501232741947e-02
2.6125000000000004e+01  -3.1279433135155275e+00  -7.4482130287925647e+00  3.8668668128254556e-02
2.6250000000000000e+01  -3.0696959844052998e+00  -7.3936828937142556e+00  3.8984072823942728e-02
2.6375000000000000e+01  -3.0113508326537737e+00  -7.3390530495572985e+00  3.9289303289053092e-02
2.6500000000000000e+01  -2.9529477492303666e+00  -7.2843632445681763e+00  3.9583096827772862e-02
2.6625000000000000e+01  -2.8945257125472956e+00  -7.2296522932290932e+00  3.9864334247381755e-02
2.6750000000000000e+01  -2.8361225161322929e+00  -7.1749578065793189e+00  4.0132032995741834e-02
2.6874999999999996e+01  -2.7777745948246775e+00  -7.1203160208096143e+00  4.0385340257725132e-02
2.7000000000000004e+01  -2.7195169048526227e+00  -7.0657616796976459e+00  4.0623525897241032e-02
2.7124999999999996e+01  -2.6613828464324571e+00  -7.0113279595186180e+00  4.0845975258348828e-02
2.7250000000000004e+01  -2.6034042368044030e+00  -6.9570464442044617e+00  4.1052182415243561e-02
2.7375000000000000e+01  -2.5456112755252409e+00  -6.9029470929514627e+00  4.1241742238458660e-02
2.7500000000000000e+01  -2.4880326128026171e+00  -6.8490583101423548e+00  4.1414345583745397e-02
2.7625000000000000e+01  -2.4306953298390885e+00  -6.7954069279890419e+00  4.1569770692294790e-02
2.7750000000000000e+01  -2.3736250248166453e+00  -6.7420182939776687e+00  4.1707878589143377e-02
2.7875000000000000e+01  -2.3168458551159565e+00  -6.6889163148442581e+00  4.1828606596953880e-02
2.7999999999999996e+01  -2.2603805955590932e+00  -6.6361235163852044e+00  4.1931962172605385e-02
2.8125000000000004e+01  -2.2042507189894147e+00  -6.5836611253331139e+00  4.2018018593904721e-02
2.8249999999999996e+01  -2.1484764550849897e+00  -6.5315491295421495e+00  4.2086909104059420e-02
2.8375000000000004e+01  -2.0930768640118034e+00  -6.4798063527784269e+00  4.2138822542120626e-02
2.8500000000000000e+01  -2.0380699032654981e+00  -6.4284505226376538e+00  4.2173998629085191e-02
2.8625000000000000e+01  -1.9834724952280214e+00  -6.3774983390451903e+00  4.2192723895197841e-02
2.8750000000000000e+01  -1.9293005904284179e+00  -6.3269655383697456e+00  4.2195327873316292e-02
2.8875000000000000e+01  -1.8755692298068023e+00  -6.2768669564225732e+00  4.2182178573230616e-02
2.9000000000000000e+01  -1.8222926051253940e+00  -6.2272165894910252e+00  4.2153679453090377e-02
2.9124999999999996e+01  -1.7694841062889062e+00  -6.1780276422688445e+00  4.2110267133399791e-02
2.9250000000000004e+01  -1.7171563803013308e+00  -6.1293125872040157e+00  4.2052406563649426e-02
2.9374999999999996e+01  -1.6653213798994384e+00  -6.0810832134927333e+00  4.1980588672381879e-02
2.9500000000000004e+01  -1.6139903920333125e+00  -6.0333506559750916e+00  4.1895328904024511e-02
2.9625000000000000e+01  -1.5631741012373548e+00  -5.9861254585254713e+00  4.1797162575153292e-02
2.9750000000000000e+01  -1.5128825910386834e+00  -5.9394175758879966e+00  4.1686644966140746e-02
2.9875000000000000e+01  -1.4631254275867585e+00  -5.8932364569603912e+00  4.1564345920185888e-02
3.0000000000000000e+01  -1.4139116338905813e+00  -5.8475910194917580e+00  4.1430850914090177e-02
3.0125000000000000e+01  -1.3652497320746295e+00  -5.8024896921505951e+00  4.1286757758007622e-02
3.0249999999999996e+01  -1.3171477919772066e+00  -5.7579404628083211e+00  4.1132673813721432e-02
3.0375000000000004e+01  -1.2696134013567939e+00  -5.7139508489852089e+00  4.0969216027761039e-02
3.0499999999999996e+01  -1.2226537246722955e+00  -5.6705279560863717e+00  4.0797007734291825e-02
3.0625000000000004e+01  -1.1762754616339046e+00  -5.6276784361409558e+00  4.0616678579586958e-02
3.0750000000000000e+01  -1.1304849127497671e+00  -5.5854085526261237e+00  4.0428861504641013e-02
3.0875000000000000e+01  -1.0852879294224473e+00  -5.5437241306952068e+00  4.0234192645617672e-02
3.1000000000000000e+01  -1.0406899412549568e+00  -5.5026305839517615e+00  4.0033309332375665e-02
3.1125000000000000e+01  -9.9669595164327363e-01  -5.4621329097140325e+00  3.9826848909924530e-02
3.1250000000000000e+01  -9.5331052753160495e-01  -5.4222356784396135e+00  3.9615447623213847e-02
3.1374999999999996e+01  -9.1053775076053878e-01  -5.3829429849838846e+00  3.9399739803768298e-02
3.1500000000000004e+01  -8.6838127953526212e-01  -5.3442585091240780e+00  3.9180355936095201e-02
3.1625000000000000e+01  -8.2684427250992298e-01  -5.3061854396886456e+00  3.8957922237257574e-02
3.1750000000000000e+01  -7.8592939893359492e-01  -5.2687264840818129e+00  3.8733059345958679e-02
3.1875000000000000e+01  -7.4563878267990225e-01  -5.2318838121417208e+00  3.8506381448351605e-02
3.2000000000000000e+01  -7.0597401818290573e-01  -5.1956590713715567e+00  3.8278495092709093e-02
3.2125000000000000e+01  -6.6693612449978334e-01  -5.1600533407235547e+00  3.8049998326021392e-02
3.2250000000000000e+01  -6.2852549579524264e-01  -5.1250670808028236e+00  3.7821479664079123e-02
3.2375000000000000e+01  -5.9074190841834229e-01  -5.0907001402707621e+00  3.7593517143134449e-02
3.2500000000000000e+01  -5.5358447093249397e-01  -5.0569517055876769e+00  3.7366677398060218e-02
3.2625000000000000e+01  -5.1705159928973310e-01  -5.0238202757270889e+00  3.7141514775889138e-02
3.2750000000000000e+01  -4.8114093174368011e-01  -4.9913035770218297e+00  3.6918570024566055e-02
3.2875000000000000e+01  -4.4584941402827583e-01  -4.9593986471816383e+00  3.6698370224710272e-02
3.3000000000000000e+01  -4.1117311232506015e-01  -4.9281016488676492e+00  3.6481426669158885e-02
3.3125000000000000e+01  -3.7710730887770505e-01  -4.8974079641141843e+00  3.6268235005173038e-02
3.3250000000000000e+01  -3.4364642310475557e-01  -4.8673121153945234e+00  3.6059273987196876e-02
3.3375000000000000e+01  -3.1078396695610144e-01  -4.8378077207234469e+00  3.5855004317358150e-02
3.3500000000000000e+01  -2.7851252760513656e-01  -4.8088874759593834e+00  3.5655867755577421e-02
3.3625000000000000e+01  -2.4682381428793998e-01  -4.7805432009135425e+00  3.5462287438336772e-02
3.3750000000000000e+01  -2.1570853510211951e-01  -4.7527657164723927e+00  3.5274665292979568e-02
3.3875000000000000e+01  -1.8515646863758062e-01  -4.7255449154340337e+00  3.5093382628813743e-02
3.4000000000000000e+01  -1.5515641874815267e-01  -4.6988697172269580e+00  3.4918798631761991e-02
3.4125000000000000e+01  -1.2569625096894566e-01  -4.6727281038532800e+00  3.4751250414528853e-02
3.4250000000000000e+01  -9.6762849777223048e-02  -4.6471070771783101e+00  3.4591051051713187e-02
3.4375000000000000e+01  -6.8342218068997207e-02  -4.6219927576923636e+00  3.4438491124791623e-02
3.4499999999999993e+01  -4.0419434747270166e-02  -4.5973703422415371e+00  3.4293836447339666e-02
3.4625000000000000e+01  -1.2978695735029189e-02  -4.5732241447687603e+00  3.4157327562066013e-02
3.4750000000000000e+01  1.3996593333637009e-02  -4.5495376885172565e+00  3.4029181064612016e-02
3.4875000000000000e+01  4.0523810573391494e-02  -4.5262937126122109e+00  3.3909587846280946e-02
3.5000000000000000e+01  6.6621056187166072e-02  -4.5034742335171938e+00  3.3798712708337571e-02
3.5125000000000000e+01  9.2307027811030284e-02  -4.4810606692067108e+00  3.3696696924703895e-02
3.5250000000000000e+01  1.1760103194712102e-01  -4.4590338280259285e+00  3.3603654166778567e-02
3.5375000000000000e+01  1.4252283043662095e-01  -4.4373740616808970e+00  3.3519673978740151e-02
3.5500000000000000e+01  1.6709257653461973e-01  -4.4160613291463333e+00  3.3444820958683452e-02
3.5624999999999993e+01  1.9133073748313512e-01  -4.3950752740356949e+00  3.3379133714271030e-02
3.5750000000000000e+01  2.1525795305035744e-01  -4.3743953657057197e+00  3.3322628797641529e-02
3.5875000000000000e+01  2.3889499020925564e-01  -4.3540009447402461e+00  3.3275296625603898e-02
3.6000000000000000e+01  2.6226259469129154e-01  -4.3338713710445447e+00  3.3237106565562592e-02
3.6125000000000000e+01  2.8538141991173938e-01  -4.3139860949741715e+00  3.3208004641775590e-02
3.6250000000000000e+01  3.0827191706910839e-01  -4.2943247670939275e+00  3.3187914949546149e-02
3.6375000000000000e+01  3.3095423301148796e-01  -4.2748673402028654e+00  3.3176742384410055e-02
3.6500000000000000e+01  3.5344812689165961e-01  -4.2555941526565473e+00  3.3174371396998879e-02
3.6625000000000000e+01  3.7577287641515511e-01  -4.2364860220253799e+00  3.3180667557192074e-02
3.6750000000000000e+01  3.9794719845040816e-01  -4.2175243244398972e+00  3.3195479915406188e-02
3.6875000000000000e+01  4.1998917406649128e-01  -4.1986910695052337e+00  3.3218640811338365e-02
3.7000000000000000e+01  4.4191617710599607e-01  -4.1799689716644899e+00  3.3249966946650882e-02
3.7125000000000000e+01  4.6374482409232176e-01  -4.1613415003027043e+00  3.3289262041467600e-02
3.7250000000000000e+01  4.8549091239183206e-01  -4.1427929414981612e+00  3.3336316276204342e-02
3.7375000000000000e+01  5.0716939240584913e-01  -4.1243084258793292e+00  3.3390909192285656e-02
3.7500000000000000e+01  5.2879431905736674e-01  -4.1058739770408206e+00  3.3452809312165765e-02
3.7625000000000000e+01  5.5037884188878772e-01  -4.0874765215081545e+00  3.3521776651992637e-02
3.7750000000000000e+01  5.7193519020949068e-01  -4.0691039035884655e+00  3.3597563693629214e-02
3.7875000000000000e+01  5.9347463868117045e-01  -4.0507449196434031e+00  3.3679915020300016e-02
3.8000000000000000e+01  6.1500754972976024e-01  -4.0323892759014477e+00  3.3768570937900561e-02
3.8125000000000000e+01  6.3654334610856500e-01  -4.0140276157202850e+00  3.3863266568033595e-02
3.8250000000000000e+01  6.5809055406841477e-01  -3.9956514765857611e+00  3.3963734330495106e-02
3.8375000000000000e+01  6.7965680712661780e-01  -3.9772532862744603e+00  3.4069704102764151e-02
3.8500000000000000e+01  7.0124883737386789e-01  -3.9588263713832963e+00  3.4180903057577462e-02
3.8625000000000000e+01  7.2287259014198557e-01  -3.9403648431511140e+00  3.4297059696451616e-02
3.8750000000000000e+01  7.4453317236053884e-01  -3.9218636486668648e+00  3.4417901560986078e-02
3.8875000000000000e+01  7.6623492373405444e-01  -3.9033184999127619e+00  3.4543157365199618e-02
3.9000000000000000e+01  7.8798147269036201e-01  -3.8847258179484663e+00  3.4672558142238477e-02
3.9125000000000000e+01  8.0977574580136613e-01  -3.8660827233533857e+00  3.4805836988908129e-02
3.9250000000000000e+01  8.3162002104658161e-01  -3.8473869830662442e+00  3.4942730046765853e-02
3.9375000000000000e+01  8.5351596650231043e-01  -3.8286369717157243e+00  3.5082976976242658e-02
3.9500000000000000e+01  8.7546469223135537e-01  -3.8098316198285436e+00  3.5226321666733076e-02
3.9625000000000000e+01  8.9746678498680654e-01  -3.7909703791267919e+00  3.5372512493883880e-02
3.9750000000000000e+01  9.1952235708911534e-01  -3.7720531737401810e+00  3.5521302849410984e-02
3.9875000000000000e+01  9.4163104294262168e-01  -3.7530804034689371e+00  3.5672450713400486e-02
4.0000000000000000e+01  9.6379213869973501e-01  -3.7340528047742767e+00  3.5825720711301599e-02
4.0125000000000000e+01  9.8600451311628712e-01  -3.7149715391984066e+00  3.5980882183602937e-02
4.0250000000000000e+01  1.0082667570870498e+00  -3.6958380445702916e+00  3.6137711251517671e-02
4.0375000000000000e+01  1.0305771072267835e+00  -3.6766541107826249e+00  3.6295989353001115e-02
4.0500000000000000e+01  1.0529336166039076e+00  -3.6574217099752606e+00  3.6455505259981875e-02
4.0625000000000000e+01  1.0753340513711003e+00  -3.6381430991049677e+00  3.6616053396976239e-02
4.0750000000000000e+01  1.0977760065094586e+00  -3.6188207048026699e+00  3.6777435019296506e-02
4.0875000000000000e+01  1.1202568769913586e+00  -3.5994571518969729e+00  3.6939457633472325e-02
4.1000000000000000e+01  1.1427739357095441e+00  -3.5800551858795497e+00  3.7101935550811510e-02
4.1125000000000000e+01  1.1653242958400392e+00  -3.5606177101857850e+00  3.7264689341656110e-02
4.1250000000000000e+01  1.1879050267461719e+00  -3.5411476709758576e+00  3.7427546544619404e-02
4.1375000000000000e+01  1.2105130657674015e+00  -3.5216481446641552e+00  3.7590340797781223e-02
4.1500000000000000e+01  1.2331452845941833e+00  -3.5021222719138465e+00  3.7752912205334624e-02
4.1625000000000000e+01  1.2557985342986018e+00  -3.4825732128562281e+00  3.7915107371891903e-02
4.1750000000000000e+01  1.2784696290839306e+00  -3.4630041631734700e+00  3.8076779115732720e-02
4.1875000000000000e+01  1.3011553398622016e+00  -3.4434183604213122e+00  3.8237786348373180e-02
4.2000000000000000e+01  1.3238524384660024e+00  -3.4238190400891950e+00  3.8397994107683665e-02
4.2125000000000000e+01  1.3465577467961720e+00  -3.4042093867824867e+00  3.8557273428896421e-02
4.2250000000000000e+01  1.3692680187391286e+00  -3.3845926514126941e+00  3.8715501090142740e-02
4.2375000000000000e+01  1.3919800892260095e+00  -3.3649720032098904e+00  3.8872559652025504e-02
4.2500000000000000e+01  1.4146908294318530e+00  -3.3453505741899323e+00  3.9028337197438479e-02
4.2625000000000000e+01  1.4373971329990791e+00  -3.3257314728171203e+00  3.9182727235602795e-02
4.2750000000000000e+01  1.4600958917415845e+00  -3.3061178081038580e+00  3.9335628742134962e-02
4.2875000000000000e+01  1.4827841286398336e+00  -3.2865125576404632e+00  3.9486945628105861e-02
4.3000000000000000e+01  1.5054588756556162e+00  -3.2669186888521877e+00  3.9636586941153552e-02
4.3125000000000000e+01  1.5281172292222056e+00  -3.2473391039457065e+00  3.9784466588919494e-02
4.3250000000000000e+01  1.5507563292305355e+00  -3.2277766607698393e+00  3.9930503341487726e-02
4.3375000000000000e+01  1.5733734168900377e+00  -3.2082341154371594e+00  4.0074620321237722e-02
4.3500000000000000e+01  1.5959657591786898e+00  -3.1887141972890638e+00  4.0216745391035452e-02
4.3625000000000000e+01  1.6185307327127707e+00  -3.1692195257280273e+00  4.0356810381224607e-02
4.3750000000000000e+01  1.6410657380811458e+00  -3.1497526952110855e+00  4.0494751698678659e-02
4.3875000000000000e+01  1.6635682734726698e+00  -3.1303162022533977e+00  4.0630509541688446e-02
4.4000000000000000e+01  1.6860359154463982e+00  -3.1109124645338495e+00  4.0764027885907897e-02
4.4125000000000000e+01  1.7084662731650493e+00  -3.0915438663064290e+00  4.0895254944041934e-02
4.4250000000000000e+01  1.7308570625337936e+00  -3.0722126849185849e+00  4.1024142128520777e-02
4.4374999999999993e+01  1.7532060504539442e+00  -3.0529211461206476e+00  4.1150644620456707e-02
4.4500000000000000e+01  1.7755110901785005e+00  -3.0336713890469049e+00  4.1274720739031087e-02
4.4625000000000000e+01  1.7977700882738896e+00  -3.0144654990048032e+00  4.1396332316221182e-02
4.4750000000000000e+01  1.8199810153721252e+00  -2.9953054968488479e+00  4.1515444443937101e-02
4.4875000000000000e+01  1.8421419373336820e+00  -2.9761933081294742e+00  4.1632024732985433e-02
4.5000000000000000e+01  1.8642509428057386e+00  -2.9571308349319727e+00  4.1746044579667352e-02
4.5125000000000000e+01  1.8863062460181959e+00  -2.9381198540290421e+00  4.1857476947694885e-02
4.5250000000000000e+01  1.9083060803094187e+00  -2.9191621224446411e+00  4.1966298426894616e-02
4.5375000000000000e+01  1.9302487291964940e+00  -2.9002593466909241e+00  4.2072488594218672e-02
4.5499999999999993e+01  1.9521325814989510e+00  -2.8814131281813782e+00  4.2176028487809852e-02
4.5625000000000000e+01  1.9739560809787680e+00  -2.8626250131755553e+00  4.2276901595929922e-02
4.5750000000000000e+01  1.9957177009136187e+00  -2.8438965180026683e+00  4.2375094512270610e-02
4.5875000000000000e+01  2.0174159870856174e+00  -2.8252290865011700e+00  4.2470595669273942e-02
4.6000000000000000e+01  2.0390495386889036e+00  -2.8066241089710076e+00  4.2563395721171925e-02
4.6125000000000000e+01  2.0606170337228509e+00  -2.7880828970517171e+00  4.2653486541839106e-02
4.6250000000000000e+01  2.0821171574990451e+00  -2.7696067545782790e+00  4.2740863505403570e-02
4.6374999999999993e+01  2.1035487024959476e+00  -2.7511968786971939e+00  4.2825521896441121e-02
4.6500000000000000e+01  2.1249104541815402e+00  -2.7328544729981443e+00  4.2907460902003550e-02
4.6624999999999993e+01  2.1462012833029229e+00  -2.7145806561266488e+00  4.2986680083878799e-02
4.6750000000000000e+01  2.1674201065032594e+00  -2.6963765008274088e+00  4.3063180642754564e-02
4.6875000000000000e+01  2.1885658799160299e+00  -2.6782430403159543e+00  4.3136965593201092e-02
4.7000000000000000e+01  2.2096375906747552e+00  -2.6601812767133381e+00  4.3208040132628835e-02
4.7125000000000000e+01  2.2306342972029896e+00  -2.6421921411751237e+00  4.3276409530283722e-02
4.7249999999999993e+01  2.2515550681068386e+00  -2.6242765544322504e+00  4.3342082051800748e-02
4.7375000000000000e+01  2.2723990492745947e+00  -2.6064353603708343e+00  4.3405065270945828e-02
4.7499999999999993e+01  2.2931653869582376e+00  -2.5886694022242329e+00  4.3465370220518627e-02
4.7625000000000000e+01  2.3138533027959656e+00  -2.5709794483105677e+00  4.3523006857956140e-02
4.7749999999999993e+01  2.3344620161316207e+00  -2.5533662689711054e+00  4.3577988798289023e-02
4.7875000000000000e+01  2.3549908212517492e+00  -2.5358305601201190e+00  4.3630328048939425e-02
4.8000000000000000e+01  2.3754390156992926e+00  -2.5183730142419565e+00  4.3680039842907338e-02
4.8125000000000000e+01  2.3958059464537342e+00  -2.5009942746907816e+00  4.3727139197184912e-02
4.8250000000000000e+01  2.4160909879634174e+00  -2.4836949574596057e+00  4.3771642389398381e-02
4.8374999999999993e+01  2.4362935479624106e+00  -2.4664756454416210e+00  4.3813566328566943e-02
4.8500000000000000e+01  2.4564130569525062e+00  -2.4493368988604187e+00  4.3852929481333444e-02
4.8624999999999993e+01  2.4764489781564007e+00  -2.4322792454349544e+00  4.3889750796558588e-02
4.8750000000000000e+01  2.4964008096909103e+00  -2.4153031782455248e+00  4.3924049042600499e-02
4.8874999999999993e+01  2.5162680689308470e+00  -2.3984091712295923e+00  4.3955844500146925e-02
4.9000000000000000e+01  2.5360502939722993e+00  -2.3815976777465124e+00  4.3985159035182825e-02
4.9125000000000000e+01  2.5557470602840473e+00  -2.3648691141124902e+00  4.4012013169989844e-02
4.9249999999999993e+01  2.5753579563306226e+00  -2.3482238837422251e+00  4.4036429902070455e-02
4.9375000000000000e+01  2.5948826009883579e+00  -2.3316623599254198e+00  4.4058431374129341e-02
4.9500000000000007e+01  2.6143206310778426e+00  -2.3151848981790297e+00  4.4078041183717519e-02
4.9625000000000000e+01  2.6336717070756333e+00  -2.2987918306065618e+00  4.4095282777318001e-02
4.9749999999999993e+01  2.6529355077705574e+00  -2.2824834711996784e+00  4.4110181061564481e-02
4.9875000000000000e+01  2.6721117345642980e+00  -2.2662601115915066e+00  4.4122759945547381e-02
5.0000000000000000e+01  2.6912001057725652e+00  -2.2501220267089250e+00  4.4133044687700289e-02
5.0125000000000000e+01  2.7102003583611074e+00  -2.2340694730633439e+00  4.4141060762083871e-02
5.0250000000000000e+01  2.7291122480270724e+00  -2.2181026886803625e+00  4.4146834807309694e-02
5.0374999999999993e+01  2.7479355456872789e+00  -2.2022218965841018e+00  4.4150391933067870e-02
5.0500000000000000e+01  2.7666700390630261e+00  -2.1864273032371644e+00  4.4151758801185353e-02
5.0624999999999993e+01  2.7853155342289297e+00  -2.1707190970155006e+00  4.4150963000167263e-02
5.0750000000000000e+01  2.8038718485907310e+00  -2.1550974551661839e+00  4.4148030955606515e-02
5.0874999999999993e+01  2.8223388162509586e+00  -2.1395625385037222e+00  4.4142990148058142e-02
5.1000000000000000e+01  2.8407162804170483e+00  -2.1241144989298917e+00  4.4135867322915870e-02
5.1125000000000000e+01  2.8590041066330736e+00  -2.1087534663456879e+00  4.4126691209026049e-02
5.1250000000000000e+01  2.8772021690641343e+00  -2.0934795622297453e+00  4.4115489708657862e-02
5.1375000000000000e+01  2.8953103466389996e+00  -2.0782929034622875e+00  4.4102289904732722e-02
5.1499999999999993e+01  2.9133285448804207e+00  -2.0631935807244983e+00  4.4087121125471564e-02
5.1625000000000000e+01  2.9312566703250171e+00  -2.0481816838195011e+00  4.4070011346298212e-02
5.1749999999999993e+01  2.9490946367854214e+00  -2.0332572954780885e+00  4.4050988399513574e-02
5.1875000000000000e+01  2.9668423806116779e+00  -2.0184204762601108e+00  4.4030081536437254e-02
5.1999999999999993e+01  2.9844998375207341e+00  -2.0036712874885136e+00  4.4007318973268171e-02
5.2125000000000000e+01  3.0020669638483151e+00  -1.9890097702198897e+00  4.3982730016745027e-02
5.2250000000000000e+01  3.0195437116400505e+00  -1.9744359698993319e+00  4.3956342838808816e-02
5.2375000000000000e+01  3.0369300502843668e+00  -1.9599499149537216e+00  4.3928186417376586e-02
5.2500000000000000e+01  3.0542259564562935e+00  -1.9455516267457240e+00  4.3898289645924522e-02
5.2624999999999993e+01  3.0714314135017116e+00  -1.9312411201859609e+00  4.3866681333832612e-02
5.2750000000000000e+01  3.0885464185043876e+00  -1.9170183967401260e+00  4.3833390683402328e-02
5.2874999999999993e+01  3.1055709631457127e+00  -1.9028834633734930e+00  4.3798446066318886e-02
5.3000000000000000e+01  3.1225050604608304e+00  -1.8888363060721838e+00  4.3761876739989262e-02
5.3124999999999993e+01  3.1393487222761847e+00  -1.8748769121738420e+00  4.3723711431356803e-02
5.3250000000000000e+01  3.1561019533974051e+00  -1.8610052761218445e+00  4.3683978153231127e-02
5.3375000000000000e+01  3.1727647971866899e+00  -1.8472213543551450e+00  4.3642706605506891e-02
5.3500000000000000e+01  3.1893372839188014e+00  -1.8335251164235706e+00  4.3599925377407665e-02
5.3625000000000000e+01  3.2058194456995954e+00  -1.8199165302229892e+00  4.3555662840491421e-02
5.3749999999999993e+01  3.2222113193151900e+00  -1.8063955591753116e+00  4.3509947307773397e-02
5.3875000000000000e+01  3.2385129649755919e+00  -1.7929621436745093e+00  4.3462807813026756e-02
5.3999999999999993e+01  3.2547244212970856e+00  -1.7796162456477240e+00  4.3414272163529881e-02
5.4125000000000000e+01  3.2708457650557881e+00  -1.7663577894061131e+00  4.3364369446145010e-02
5.4249999999999993e+01  3.2868770414488333e+00  -1.7531867306772000e+00  4.3313127205162553e-02
5.4375000000000000e+01  3.3028183241529536e+00  -1.7401029971540709e+00  4.3260573834346158e-02
5.4500000000000000e+01  3.3186696828367817e+00  -1.7271065206523604e+00  4.3206737299696735e-02
5.4625000000000000e+01  3.3344311989807700e+00  -1.7141972214492007e+00  4.3151645712136699e-02
5.4750000000000000e+01  3.3501029319477427e+00  -1.7013750418720939e+00  4.3095326214251169e-02
5.4874999999999993e+01  3.3656849670965627e+00  -1.6886398986658748e+00  4.3037806590143585e-02
5.5000000000000000e+01  3.3811774018765268e+00  -1.6759916967557515e+00  4.2979114723397709e-02
5.5125000000000007e+01  3.3965803157905556e+00  -1.6634303589850301e+00  4.2919277712440120e-02
5.5250000000000000e+01  3.4118938043746772e+00  -1.6509557924713274e+00  4.2858322900066623e-02
5.5374999999999993e+01  3.4271179524791018e+00  -1.6385679150597334e+00  4.2796277112009576e-02
5.5500000000000000e+01  3.4422528586364320e+00  -1.6262666311938592e+00  4.2733167332634124e-02
5.5625000000000000e+01  3.4572986503713903e+00  -1.6140518167522289e+00  4.2669021017360045e-02
5.5750000000000000e+01  3.4722553826819329e+00  -1.6019234195710541e+00  4.2603863625726615e-02
5.5875000000000000e+01  3.4871231855087252e+00  -1.5898813134188123e+00  4.2537722239173584e-02
5.5999999999999993e+01  3.5019021604112481e+00  -1.5779254003042547e+00  4.2470623027542398e-02
5.6125000000000000e+01  3.5165924220744902e+00  -1.5660555693749365e+00  4.2402592235615641e-02
5.6250000000000007e+01  3.5311940783841962e+00  -1.5542717166445383e+00  4.2333655743473239e-02
5.6375000000000000e+01  3.5457072373675160e+00  -1.5425737381194442e+00  4.2263839232599638e-02
5.6499999999999993e+01  3.5601320266703054e+00  -1.5309615105051897e+00  4.2193168547566426e-02
5.6625000000000000e+01  3.5744685499045055e+00  -1.5194349344373457e+00  4.2121668863494589e-02
5.6750000000000000e+01  3.5887169303427990e+00  -1.5079938912044013e+00  4.2049365515205370e-02
5.6875000000000000e+01  3.6028772765879724e+00  -1.4966382767479800e+00  4.1976283376331892e-02
5.7000000000000000e+01  3.6169497136290394e+00  -1.4853679709001351e+00  4.1902447396849896e-02
5.7124999999999993e+01  3.6309343719638907e+00  -1.4741828481530175e+00  4.1827882389612228e-02
5.7250000000000000e+01  3.6448313960461967e+00  -1.4630827692883153e+00  4.1752613138692718e-02
5.7374999999999993e+01  3.6586408673772706e+00  -1.4520676575623801e+00  4.1676663311069874e-02
5.7500000000000000e+01  3.6723629236248740e+00  -1.4411373807044821e+00  4.1600057206389103e-02
5.7624999999999993e+01  3.6859977439334273e+00  -1.4302917654581315e+00  4.1522819406717787e-02
5.7750000000000000e+01  3.6995454057368926e+00  -1.4195307394361447e+00  4.1444972958009620e-02
5.7875000000000000e+01  3.7130060264052744e+00  -1.4088541907931575e+00  4.1366541271035284e-02
5.8000000000000000e+01  3.7263797864947010e+00  -1.3982619451787062e+00  4.1287548257639535e-02
5.8125000000000000e+01  3.7396667891574511e+00  -1.3877539050306162e+00  4.1208016722087792e-02
5.8249999999999993e+01  3.7528671800667714e+00  -1.3773299307515510e+00  4.1127969737635196e-02
5.8375000000000000e+01  3.7659810810092971e+00  -1.3669899065050117e+00  4.1047429925340197e-02
5.8499999999999993e+01  3.7790086571135726e+00  -1.3567336735958859e+00  4.0966420102398066e-02
5.8625000000000000e+01  3.7919500219903730e+00  -1.3465611244664930e+00  4.0884962396828803e-02
5.8749999999999993e+01  3.8048052967253483e+00  -1.3364721442391549e+00  4.0803078832475692e-02
5.8875000000000000e+01  3.8175746810915241e+00  -1.3264665401347187e+00  4.0720791830642068e-02
5.9000000000000000e+01  3.8302582569558163e+00  -1.3165442363041433e+00  4.0638122686351259e-02
5.9125000000000000e+01  3.8428561993003330e+00  -1.3067050646913936e+00  4.0555093188620210e-02
5.9250000000000000e+01  3.8553686297694529e+00  -1.2969489101772340e+00  4.0471724540393751e-02
5.9374999999999993e+01  3.8677957116730255e+00  -1.2872756164170056e+00  4.0388038003397332e-02
5.9500000000000000e+01  3.8801375750567271e+00  -1.2776850601057692e+00  4.0304054428175425e-02
5.9624999999999993e+01  3.8923943822422746e+00  -1.2681770860104695e+00  4.0219794632078067e-02
5.9750000000000000e+01  3.9045662451684651e+00  -1.2587515889069913e+00  4.0135278985647144e-02
5.9874999999999993e+01  3.9166533508551069e+00  -1.2494083892020313e+00  4.0050527993848749e-02
6.0000000000000000e+01  3.9286558555992368e+00  -1.2401473378138475e+00  3.9965561786603002e-02
6.0125000000000000e+01  3.9405738908867614e+00  -1.2309683103150424e+00  3.9880400202187950e-02
6.0250000000000000e+01  3.9524075663448714e+00  -1.2218712040074911e+00  3.9795062846900195e-02
6.0375000000000000e+01  3.9641571093618877e+00  -1.2128557994828837e+00  3.9709569443812771e-02
6.0499999999999993e+01  3.9758226330433049e+00  -1.2039219906913279e+00  3.9623939188243432e-02
6.0625000000000000e+01  3.9874042886707262e+00  -1.1950696337779609e+00  3.9538191187788091e-02
6.0749999999999993e+01  3.9989022689762850e+00  -1.1862985438260067e+00  3.9452344395523704e-02
6.0875000000000000e+01  4.0103166956969600e+00  -1.1776086063597435e+00  3.9366417457854505e-02
6.0999999999999993e+01  4.0216477755570477e+00  -1.1689996226599244e+00  3.9280428898349359e-02
6.1125000000000000e+01  4.0328955963269557e+00  -1.1604715120135878e+00  3.9194396975298258e-02
6.1250000000000000e+01  4.0440603872970531e+00  -1.1520240533872004e+00  3.9108339794004070e-02
6.1375000000000000e+01  4.0551422721261856e+00  -1.1436571305396415e+00  3.9022275241670748e-02
6.1500000000000000e+01  4.0661414479986231e+00  -1.1353705543335662e+00  3.8936220982410036e-02
6.1624999999999993e+01  4.0770580702890635e+00  -1.1271641771250178e+00  3.8850194497420242e-02
6.1750000000000000e+01  4.0878922897019550e+00  -1.1190378559272958e+00  3.8764213094652770e-02
6.1874999999999993e+01  4.0986443182250945e+00  -1.1109913869827133e+00  3.8678293779922240e-02
6.2000000000000000e+01  4.1093143069647944e+00  -1.1030246269432418e+00  3.8592453456719022e-02
6.2124999999999993e+01  4.1199024100798738e+00  -1.0951374294523806e+00  3.8506708854407282e-02
6.2250000000000000e+01  4.1304088753719919e+00  -1.0873295552623348e+00  3.8421076244560315e-02
6.2375000000000000e+01  4.1408337825579693e+00  -1.0796009318969508e+00  3.8335572190202984e-02
6.2500000000000000e+01  4.1511773730318193e+00  -1.0719513264841183e+00  3.8250212585009262e-02
6.2750000000000007e+01  4.1716213647775815e+00  -1.0568884410796691e+00  3.8079989860537226e-02
6.3000000000000007e+01  4.1917423235507378e+00  -1.0421394907515218e+00  3.7910532651688651e-02
6.3250000000000007e+01  4.2115417574848522e+00  -1.0277030322856433e+00  3.7741962455318384e-02
6.3500000000000007e+01  4.2310212794935911e+00  -1.0135775184133515e+00  3.7574397291621542e-02
6.3750000000000007e+01  4.2501825623217657e+00  -9.9976134233428082e-01  3.7407951853180813e-02
6.4000000000000000e+01  4.2690272514673353e+00  -9.8625292408278886e-01  3.7242738149988922e-02
6.4250000000000000e+01  4.2875570730528922e+00  -9.7305060339973704e-01  3.7078864905690748e-02
6.4500000000000000e+01  4.3057738912259698e+00  -9.6015258266772285e-01  3.6916437009177565e-02
6.4750000000000000e+01  4.3236794986507139e+00  -9.4755713483777049e-01  3.6755557255923964e-02
6.5000000000000000e+01  4.3412758292699225e+00  -9.3526239214702089e-01  3.6596324675916184e-02
6.5250000000000000e+01  4.3585648552567369e+00  -9.2326644836182847e-01  3.6438835423614542e-02
6.5500000000000000e+01  4.3755486811788140e+00  -9.1156726521298115e-01  3.6283181862734756e-02
6.5750000000000014e+01  4.3922293720039969e+00  -9.0016284313801975e-01  3.6129454434339639e-02
6.6000000000000000e+01  4.4086091606496236e+00  -8.8905101511680984e-01  3.5977739493775182e-02
6.6250000000000000e+01  4.4246903321004813e+00  -8.7822956169522737e-01  3.5828120578935044e-02
6.6500000000000000e+01  4.4404752123988702e+00  -8.6769622187995799e-01  3.5680678695709317e-02
6.6750000000000000e+01  4.4559662940842237e+00  -8.5744856848635553e-01  3.5535490725214593e-02
6.7000000000000000e+01  4.4711661144915844e+00  -8.4748412897722192e-01  3.5392631026224620e-02
6.7250000000000000e+01  4.4860772958385597e+00  -8.3780034560389005e-01  3.5252171010917155e-02
6.7500000000000000e+01  4.5007025250541979e+00  -8.2839459540934124e-01  3.5114179548218022e-02
6.7750000000000014e+01  4.5150446642271183e+00  -8.1926408044615817e-01  3.4978721268890699e-02
6.8000000000000014e+01  4.5291066450834778e+00  -8.1040593258002236e-01  3.4845858201822864e-02
6.8250000000000000e+01  4.5428914449172728e+00  -8.0181723738456068e-01  3.4715650367468300e-02
6.8500000000000000e+01  4.5564022649952252e+00  -7.9349485681670640e-01  3.4588152658859006e-02
6.8750000000000000e+01  4.5696422615639909e+00  -7.8543569651125766e-01  3.4463419746013219e-02
6.9000000000000000e+01  4.5826148337567094e+00  -7.7763641962550789e-01  3.4341500802739990e-02
6.9250000000000000e+01  4.5953234139232944e+00  -7.7009365519699013e-01  3.4222443485843732e-02
6.9500000000000000e+01  4.6077715416569687e+00  -7.6280392455721113e-01  3.4106292639891150e-02
6.9750000000000000e+01  4.6199629353006246e+00  -7.5576357022585094e-01  3.3993088701672919e-02
7.0000000000000014e+01  4.6319013526352926e+00  -7.4896889438353487e-01  3.3882870758849583e-02
7.0250000000000014e+01  4.6435906614803111e+00  -7.4241608868436337e-01  3.3775675136658655e-02
7.0500000000000000e+01  4.6550349268106519e+00  -7.3610114763116918e-01  3.3671533164365053e-02
7.0750000000000000e+01  4.6662382038920533e+00  -7.3002007423976867e-01  3.3570476314383944e-02
7.1000000000000000e+01  4.6772047815851732e+00  -7.2416863813287513e-01  3.3472529982894766e-02
7.1250000000000000e+01  4.6879389341043867e+00  -7.1854262236623656e-01  3.3377720040465367e-02
7.1500000000000000e+01  4.6984451013876303e+00  -7.1313764409225078e-01  3.3286067994937336e-02
7.1750000000000000e+01  4.7087278563693076e+00  -7.0794918710111743e-01  3.3197591609213026e-02
7.2000000000000000e+01  4.7187917869778078e+00  -7.0297271918253168e-01  3.3112308555308639e-02
7.2250000000000014e+01  4.7286416453225462e+00  -6.9820354378053384e-01  3.3030231707275787e-02
7.2500000000000014e+01  4.7382822548959522e+00  -6.9363689229434833e-01  3.2951371915254241e-02
7.2750000000000000e+01  4.7477185217351980e+00  -6.8926791299959023e-01  3.2875737594113455e-02
7.3000000000000000e+01  4.7569554152651996e+00  -6.8509169012714066e-01  3.2803335388892935e-02
7.3250000000000000e+01  4.7659980340674766e+00  -6.8110317847178958e-01  3.2734167358369357e-02
7.3500000000000000e+01  4.7748514669232076e+00  -6.7729734163359856e-01  3.2668236497960038e-02
7.3750000000000000e+01  4.7835209802057612e+00  -6.7366896565547485e-01  3.2605538436626044e-02
7.4000000000000000e+01  4.7920117862129930e+00  -6.7021288949217750e-01  3.2546071509252754e-02
7.4250000000000000e+01  4.8003292021506301e+00  -6.6692384690689233e-01  3.2489829396353892e-02
7.4500000000000014e+01  4.8084785876534406e+00  -6.6379652865485461e-01  3.2436803584172572e-02
7.4750000000000014e+01  4.8164653219580762e+00  -6.6082560523109990e-01  3.2386984427043401e-02
7.5000000000000000e+01  4.8242948513313539e+00  -6.5800567972812951e-01  3.2340357820221106e-02
7.5250000000000000e+01  4.8319726030190422e+00  -6.5533137348219528e-01  3.2296910119368076e-02
7.5500000000000000e+01  4.8395040419802813e+00  -6.5279726967666196e-01  3.2256624063951196e-02
7.5750000000000000e+01  4.8468946212072490e+00  -6.5039796280819884e-01  3.2219481797599855e-02
7.6000000000000000e+01  4.8541498055550925e+00  -6.4812803502406879e-01  3.2185462413275155e-02
7.6250000000000000e+01  4.8612750438402674e+00  -6.4598208392505407e-01  3.2154543522668340e-02
7.6500000000000000e+01  4.8682757625383033e+00  -6.4395472888096883e-01  3.2126701320027123e-02
7.6750000000000014e+01  4.8751573608245531e+00  -6.4204061600908169e-01  3.2101910420116349e-02
7.7000000000000014e+01  4.8819252030961096e+00  -6.4023442565870914e-01  3.2080143893844879e-02
7.7250000000000000e+01  4.8885846198689267e+00  -6.3853087156266097e-01  3.2061370908755493e-02
7.7500000000000000e+01  4.8951408739478062e+00  -6.3692473454027931e-01  3.2045561851123401e-02
7.7750000000000000e+01  4.9015991698121999e+00  -6.3541085320069568e-01  3.2032687419879274e-02
7.8000000000000000e+01  4.9079646561419601e+00  -6.3398412147237337e-01  3.2022711224154420e-02
7.8250000000000000e+01  4.9142423979143155e+00  -6.3263951640541771e-01  3.2015601026694256e-02
7.8500000000000000e+01  4.9204373799515642e+00  -6.3137209468147137e-01  3.2011319748695671e-02
7.8750000000000000e+01  4.9265545026032571e+00  -6.3017699694620699e-01  3.2009832239461473e-02
7.9000000000000014e+01  4.9325985704204660e+00  -6.2904945911546983e-01  3.2011100466799933e-02
7.9250000000000014e+01  4.9385742770549115e+00  -6.2798482743356399e-01  3.2015083841083092e-02
7.9500000000000000e+01  4.9444862291619618e+00  -6.2697853472268417e-01  3.2021744736416627e-02
7.9750000000000000e+01  4.9503389100411086e+00  -6.2602613658970219e-01  3.2031041997356298e-02
8.0000000000000000e+01  4.9561366888158602e+00  -6.2512330232192070e-01  3.2042934137852412e-02
8.0250000000000000e+01  4.9618838155229064e+00  -6.2426581979754037e-01  3.2057379084357886e-02
8.0500000000000000e+01  4.9675844153338256e+00  -6.2344960125994975e-01  3.2074333999005361e-02
8.0750000000000000e+01  4.9732424991914304e+00  -6.2267067275677013e-01  3.2093756466850275e-02
8.1000000000000014e+01  4.9788619125231408e+00  -6.2192522518616400e-01  3.2115600699175795e-02
8.1250000000000000e+01  4.9844464294343718e+00  -6.2120952059838341e-01  3.2139825003793400e-02
8.1500000000000014e+01  4.9899996104829896e+00  -6.2052003371479714e-01  3.2166381687557942e-02
8.1750000000000000e+01  4.9955249665639307e+00  -6.1985328888882085e-01  3.2195228355669396e-02
8.2000000000000000e+01  5.0010257869518568e+00  -6.1920603119852879e-01  3.2226317110892633e-02
8.2250000000000000e+01  5.0065052956150771e+00  -6.1857507093924013e-01  3.2259603995406699e-02
8.2500000000000000e+01  5.0119665349707683e+00  -6.1795739928056115e-01  3.2295042394077260e-02
8.2750000000000000e+01  5.0174124040631884e+00  -6.1735015028711038e-01  3.2332585437796588e-02
8.3000000000000000e+01  5.0228457430461058e+00  -6.1675051687711457e-01  3.2372189652503172e-02
8.3250000000000014e+01  5.0282691338729117e+00  -6.1615594910073401e-01  3.2413806062062685e-02
8.3500000000000000e+01  5.0336851119794614e+00  -6.1556394355345079e-01  3.2457389616239077e-02
8.3750000000000014e+01  5.0390960444908046e+00  -6.1497216453486825e-01  3.2502893817809152e-02
8.4000000000000000e+01  5.0445041991838186e+00  -6.1437837544273632e-01  3.2550273454621276e-02
8.4250000000000000e+01  5.0499116401072053e+00  -6.1378054259658965e-01  3.2599480779382253e-02
8.4500000000000000e+01  5.0553204367899420e+00  -6.1317662712998589e-01  3.2650472821237522e-02
8.4750000000000000e+01  5.0607323756253191e+00  -6.1256487206703492e-01  3.2703201405917363e-02
8.5000000000000000e+01  5.0661492021475425e+00  -6.1194356132190464e-01  3.2757621423490785e-02
8.5250000000000000e+01  5.0715725590799137e+00  -6.1131108131434120e-01  3.2813688469797611e-02
8.5500000000000014e+01  5.0770039941859846e+00  -6.1066591315206109e-01  3.2871358936510019e-02
8.5750000000000000e+01  5.0824447830770740e+00  -6.1000680884543845e-01  3.2930585036673801e-02
8.6000000000000014e+01  5.0878963421081513e+00  -6.0933238064590434e-01  3.2991326366165030e-02
8.6250000000000000e+01  5.0933597429228952e+00  -6.0864158383880307e-01  3.3053536333960923e-02
8.6500000000000000e+01  5.0988361082230895e+00  -6.0793332312532922e-01  3.3117172904945015e-02
8.6750000000000000e+01  5.1043263936797469e+00  -6.0720666949949642e-01  3.3182192679744406e-02
8.7000000000000000e+01  5.1098315061081871e+00  -6.0646074271268580e-01  3.3248553846885825e-02
8.7250000000000000e+01  5.1153522479045623e+00  -6.0569476651441034e-01  3.3316214699133755e-02
8.7500000000000000e+01  5.1208892000643358e+00  -6.0490818494879939e-01  3.3385131046175166e-02
8.7750000000000014e+01  5.1264431692682511e+00  -6.0410021779272949e-01  3.3455266129896986e-02
8.8000000000000000e+01  5.1320145206799728e+00  -6.0327052394846037e-01  3.3526575739782669e-02
8.8250000000000014e+01  5.1376037864658954e+00  -6.0241859637450412e-01  3.3599021536600833e-02
8.8500000000000000e+01  5.1432113644345350e+00  -6.0154406171432973e-01  3.3672564356515992e-02
8.8750000000000000e+01  5.1488375332567360e+00  -6.0064666513845921e-01  3.3747164619920320e-02
8.9000000000000000e+01  5.1544825701517798e+00  -5.9972615332951085e-01  3.3822784603663329e-02
8.9250000000000000e+01  5.1601466113941870e+00  -5.9878241314100533e-01  3.3899385680849367e-02
8.9500000000000000e+01  5.1658298474862416e+00  -5.9781527756498098e-01  3.3976931924686461e-02
8.9750000000000000e+01  5.1715323267681779e+00  -5.9682472094250905e-01  3.4055386391686301e-02
9.0000000000000014e+01  5.1772540317720495e+00  -5.9581078304312030e-01  3.4134712557847453e-02
9.0250000000000000e+01  5.1829949694901387e+00  -5.9477347933046243e-01  3.4214875786966407e-02
9.0500000000000014e+01  5.1887550659755748e+00  -5.9371290571390345e-01  3.4295841432784788e-02
9.0750000000000000e+01  5.1945341483871177e+00  -5.9262925637175989e-01  3.4377574584059066e-02
9.1000000000000000e+01  5.2003320837546951e+00  -5.9152268582691425e-01  3.4460042258358206e-02
9.1250000000000000e+01  5.2061486710433424e+00  -5.9039341620846919e-01  3.4543211590326570e-02
9.1500000000000000e+01  5.2119836965635606e+00  -5.8924168217363215e-01  3.4627050661454245e-02
9.1750000000000000e+01  5.2178368120235712e+00  -5.8806785207134338e-01  3.4711526676849298e-02
9.2000000000000000e+01  5.2237077764204818e+00  -5.8687218756919890e-01  3.4796609485918402e-02
9.2250000000000014e+01  5.2295962357623980e+00  -5.8565506252699118e-01  3.4882268307616794e-02
9.2500000000000000e+01  5.2355018600155079e+00  -5.8441682691248431e-01  3.4968473664685182e-02
9.2750000000000014e+01  5.2414241954837468e+00  -5.8315795345453436e-01  3.5055195349615362e-02
9.3000000000000000e+01  5.2473629507142787e+00  -5.8187875359156926e-01  3.5142406190143895e-02
9.3250000000000014e+01  5.2533176431483843e+00  -5.8057972850705175e-01  3.5230077345304679e-02
9.3500000000000000e+01  5.2592877846506330e+00  -5.7926138479314426e-01  3.5318180790086764e-02
9.3750000000000000e+01  5.2652729622476580e+00  -5.7792415424976795e-01  3.5406690225514438e-02
9.4000000000000000e+01  5.2712727170076787e+00  -5.7656851419741217e-01  3.5495579521313429e-02
9.4250000000000000e+01  5.2772866086114432e+00  -5.7519492333233524e-01  3.5584823468591056e-02
9.4500000000000014e+01  5.2833140339664677e+00  -5.7380400186691416e-01  3.5674395708243260e-02
9.4750000000000000e+01  5.2893545221299396e+00  -5.7239623860484690e-01  3.5764272096420337e-02
9.5000000000000014e+01  5.2954075584533689e+00  -5.7097216559910180e-01  3.5854428640673515e-02
9.5250000000000000e+01  5.3014727251220224e+00  -5.6953221858418290e-01  3.5944842974820472e-02
9.5500000000000014e+01  5.3075493425281000e+00  -5.6807709309049192e-01  3.6035490605392462e-02
9.5750000000000000e+01  5.3136369993721067e+00  -5.6660721804633907e-01  3.6126350407433998e-02
9.6000000000000000e+01  5.3197350328428312e+00  -5.6512327193717926e-01  3.6217399302915919e-02
9.6250000000000000e+01  5.3258429619714498e+00  -5.6362575251167613e-01  3.6308616581439190e-02
9.6500000000000000e+01  5.3319603421902215e+00  -5.6211512120890372e-01  3.6399982342978858e-02
9.6750000000000014e+01  5.3380864505331278e+00  -5.6059211566378542e-01  3.6491474650264741e-02
9.7000000000000000e+01  5.3442208531244377e+00  -5.5905718632208767e-01  3.6583074731865520e-02
9.7250000000000014e+01  5.3503630178605777e+00  -5.5751088095802803e-01  3.6674763381505854e-02
9.7500000000000000e+01  5.3565123803300088e+00  -5.5595377922042299e-01  3.6766521596238042e-02
9.7750000000000014e+01  5.3626683628603775e+00  -5.5438647371776462e-01  3.6858330751724386e-02
9.8000000000000000e+01  5.3688305592927161e+00  -5.5280938663319068e-01  3.6950174038895327e-02
9.8250000000000000e+01  5.3749982754705687e+00  -5.5122322578433902e-01  3.7042032804879235e-02
9.8500000000000000e+01  5.3811710272468805e+00  -5.4962849035210359e-01  3.7133890501978822e-02
9.8750000000000000e+01  5.3873483397486615e+00  -5.4802567012089565e-01  3.7225731026649604e-02
9.9000000000000014e+01  5.3935296543034577e+00  -5.4641533783139717e-01  3.7317538063179403e-02
9.9250000000000000e+01  5.3997144985498133e+00  -5.4479798037502336e-01  3.7409296302439769e-02
9.9500000000000014e+01  5.4059022497813904e+00  -5.4317423361163231e-01  3.7500989812072984e-02
9.9750000000000000e+01  5.4120925488762230e+00  -5.4154447167046893e-01  3.7592604790197791e-02
1.0000000000000001e+02  5.4182847927471967e+00  -5.3990931053179381e-01  3.7684126200850522e-02
1.0025000000000000e+02  5.4244785824520481e+00  -5.3826916343652531e-01  3.7775540658727777e-02
1.0050000000000000e+02  5.4306733041429984e+00  -5.3662465661568781e-01  3.7866833834916257e-02
1.0075000000000000e+02  5.4368686362259844e+00  -5.3497612618311186e-01  3.7957993455525134e-02
1.0100000000000000e+02  5.4430639095912232e+00  -5.3332425276412065e-01  3.8049005620074287e-02
1.0125000000000001e+02  5.4492588666971153e+00  -5.3166930854649186e-01  3.8139859017737913e-02
1.0150000000000000e+02  5.4554529164399064e+00  -5.3001189636777024e-01  3.8230540862854337e-02
1.0175000000000001e+02  5.4616456963977882e+00  -5.2835239205246509e-01  3.8321039871646326e-02
1.0200000000000000e+02  5.4678366533418954e+00  -5.2669136045627862e-01  3.8411344141404992e-02
1.0225000000000001e+02  5.4740254461577438e+00  -5.2502915587937249e-01  3.8501443081736253e-02
1.0250000000000000e+02  5.4802115567848606e+00  -5.2336630789312366e-01  3.8591325596396824e-02
1.0275000000000000e+02  5.4863946359918323e+00  -5.2170317845871983e-01  3.8680981621834226e-02
1.0300000000000000e+02  5.4925742949253555e+00  -5.2004016863893554e-01  3.8770401181195138e-02
1.0325000000000000e+02  5.4987500965149323e+00  -5.1837772710834296e-01  3.8859574390749857e-02
1.0350000000000001e+02  5.5049216671294241e+00  -5.1671623945167910e-01  3.8948491885419309e-02
1.0375000000000000e+02  5.5110885236998026e+00  -5.1505619955256998e-01  3.9037144203514923e-02
1.0400000000000001e+02  5.5172504306633225e+00  -5.1339785574273833e-01  3.9125522975742226e-02
1.0425000000000000e+02  5.5234069093371714e+00  -5.1174169717774376e-01  3.9213619291962834e-02
1.0450000000000001e+02  5.5295576481804476e+00  -5.1008804714103961e-01  3.9301425025555885e-02
1.0475000000000000e+02  5.5357022929242534e+00  -5.0843727108932235e-01  3.9388932159615017e-02
1.0500000000000000e+02  5.5418404369072976e+00  -5.0678978622161752e-01  3.9476132800391549e-02
1.0525000000000000e+02  5.5479717140579163e+00  -5.0514596931943068e-01  3.9563019427123765e-02
1.0550000000000000e+02  5.5540960138415159e+00  -5.0350594375057511e-01  3.9649585278929159e-02
1.0575000000000001e+02  5.5602127547887203e+00  -5.0187029940867767e-01  3.9735822827953335e-02
1.0600000000000000e+02  5.5663217111426562e+00  -5.0023927349643049e-01  3.9821725532516998e-02
1.0625000000000001e+02  5.5724226105331933e+00  -4.9861314924616007e-01  3.9907286945159687e-02
1.0650000000000000e+02  5.5785150758479212e+00  -4.9699231350310891e-01  3.9992500681782388e-02
1.0675000000000001e+02  5.5845988838462857e+00  -4.9537700048360334e-01  4.0077360794039944e-02
1.0700000000000000e+02  5.5906737737302539e+00  -4.9376748145732652e-01  4.0161861464598617e-02
1.0725000000000000e+02  5.5967392802445231e+00  -4.9216423007859289e-01  4.0245996916364858e-02
1.0750000000000001e+02  5.6027953726384512e+00  -4.9056728938630290e-01  4.0329761948708021e-02
1.0775000000000000e+02  5.6088415471536477e+00  -4.8897717084030878e-01  4.0413151214777614e-02
1.0800000000000001e+02  5.6148777599110220e+00  -4.8739393018691102e-01  4.0496159824569548e-02
1.0825000000000000e+02  5.6209036594712058e+00  -4.8581792767996923e-01  4.0578782924717179e-02
1.0850000000000001e+02  5.6269189815365745e+00  -4.8424943709471613e-01  4.0661015909182696e-02
1.0875000000000000e+02  5.6329234219243247e+00  -4.8268877155185175e-01  4.0742854384746063e-02
1.0900000000000001e+02  5.6389169307975235e+00  -4.8113599212582381e-01  4.0824294061384513e-02
1.0925000000000000e+02  5.6448991298088167e+00  -4.7959148509113625e-01  4.0905330924135043e-02
1.0950000000000000e+02  5.6508698911472077e+00  -4.7805538846152285e-01  4.0985961027277709e-02
1.0975000000000001e+02  5.6568289618339538e+00  -4.7652796406077336e-01  4.1066180665100621e-02
1.1000000000000001e+02  5.6627760482948393e+00  -4.7500951375959177e-01  4.1145986378687771e-02
1.1025000000000001e+02  5.6687111234564833e+00  -4.7350007541172312e-01  4.1225374569573599e-02
1.1050000000000000e+02  5.6746338740616142e+00  -4.7199997010093320e-01  4.1304342126484650e-02
1.1074999999999999e+02  5.6805441240857100e+00  -4.7050938289266941e-01  4.1382885945544422e-02
1.1100000000000000e+02  5.6864416822421724e+00  -4.6902851382994681e-01  4.1461003099027546e-02
1.1125000000000001e+02  5.6923264004272616e+00  -4.6755752007430385e-01  4.1538690733248736e-02
1.1150000000000000e+02  5.6981981026285125e+00  -4.6609658629021933e-01  4.1615946185412880e-02
1.1175000000000000e+02  5.7040565424120757e+00  -4.6464596671799763e-01  4.1692767116968732e-02
1.1200000000000001e+02  5.7099016344597517e+00  -4.6320575598756886e-01  4.1769150973066681e-02
1.1225000000000001e+02  5.7157332772878071e+00  -4.6177606461809617e-01  4.1845095333005920e-02
1.1250000000000001e+02  5.7215511916969666e+00  -4.6035717890271455e-01  4.1920598402168142e-02
1.1275000000000000e+02  5.7273552695919374e+00  -4.5894921565607305e-01  4.1995658080615769e-02
1.1299999999999999e+02  5.7331454285932280e+00  -4.5755226613285105e-01  4.2070272290198586e-02
1.1325000000000000e+02  5.7389214700333673e+00  -4.5616653655714812e-01  4.2144439450489408e-02
1.1350000000000001e+02  5.7446832471319382e+00  -4.5479218168433322e-01  4.2218157963221453e-02
1.1375000000000000e+02  5.7504307261395802e+00  -4.5342924430992904e-01  4.2291425936534448e-02
1.1400000000000000e+02  5.7561636296779026e+00  -4.5207800819481081e-01  4.2364242514367829e-02
1.1425000000000001e+02  5.7618819688422720e+00  -4.5073847154425373e-01  4.2436605863713645e-02
1.1450000000000001e+02  5.7675856140667312e+00  -4.4941077164392240e-01  4.2508514796599839e-02
1.1475000000000001e+02  5.7732743718342805e+00  -4.4809510894167426e-01  4.2579968540556304e-02
1.1500000000000000e+02  5.7789481323030367e+00  -4.4679160098742221e-01  4.2650966105581729e-02
1.1524999999999999e+02  5.7846069012639916e+00  -4.4550025083642275e-01  4.2721506051840843e-02
1.1550000000000000e+02  5.7902505217408606e+00  -4.4422122247431561e-01  4.2791587798765220e-02
1.1575000000000001e+02  5.7958789119254810e+00  -4.4295460542291121e-01  4.2861210521988796e-02
1.1600000000000000e+02  5.8014919697424672e+00  -4.4170050915497638e-01  4.2930373606481005e-02
1.1625000000000000e+02  5.8070896136601480e+00  -4.4045902272730952e-01  4.2999076431544131e-02
1.1650000000000001e+02  5.8126717132117172e+00  -4.3923028350213977e-01  4.3067318762898307e-02
1.1675000000000001e+02  5.8182382176561198e+00  -4.3801434989093346e-01  4.3135100021415386e-02
1.1700000000000001e+02  5.8237890158438574e+00  -4.3681133996228150e-01  4.3202420078259099e-02
1.1725000000000000e+02  5.8293241450079583e+00  -4.3562122494415867e-01  4.3269277985848842e-02
1.1749999999999999e+02  5.8348434472460058e+00  -4.3444416896893534e-01  4.3335674081733874e-02
1.1775000000000000e+02  5.8403467895504271e+00  -4.3328031144945323e-01  4.3401608697013580e-02
1.1800000000000001e+02  5.8458342069534446e+00  -4.3212962553675105e-01  4.3467081142276126e-02
1.1825000000000000e+02  5.8513056664233343e+00  -4.3099215161615057e-01  4.3532091223401070e-02
1.1850000000000000e+02  5.8567610492132367e+00  -4.2986801474731173e-01  4.3596639439633836e-02
1.1875000000000001e+02  5.8622002874176706e+00  -4.2875728963107829e-01  4.3660726039822330e-02
1.1900000000000001e+02  5.8676233875279165e+00  -4.2765997732881633e-01  4.3724350797881846e-02
1.1925000000000001e+02  5.8730302118027291e+00  -4.2657622143177187e-01  4.3787514657084171e-02
1.1950000000000000e+02  5.8784207787134175e+00  -4.2550601100339502e-01  4.3850217450405592e-02
1.1974999999999999e+02  5.8837950196972280e+00  -4.2444942108224293e-01  4.3912459758906619e-02
1.2000000000000000e+02  5.8891529463738745e+00  -4.2340644736216593e-01  4.3974241581915478e-02
1.2025000000000001e+02  5.8944944389787644e+00  -4.2237721535113293e-01  4.4035564085960120e-02
1.2050000000000000e+02  5.8998194997528506e+00  -4.2136172986907949e-01  4.4096427498068191e-02
1.2075000000000000e+02  5.9051280898968734e+00  -4.2036003623777329e-01  4.4156832458353487e-02
1.2100000000000001e+02  5.9104201349717433e+00  -4.1937221493711796e-01  4.4216780008628789e-02
1.2125000000000000e+02  5.9156956908749168e+00  -4.1839821754508799e-01  4.4276270067479848e-02
1.2150000000000001e+02  5.9209546958824744e+00  -4.1743811183984070e-01  4.4335303681892410e-02
1.2175000000000000e+02  5.9261970822749150e+00  -4.1649197145408756e-01  4.4393882052216532e-02
1.2199999999999999e+02  5.9314228591094214e+00  -4.1555979406851984e-01  4.4452005710910049e-02
1.2225000000000000e+02  5.9366320415647387e+00  -4.1464157125489542e-01  4.4509675163681497e-02
1.2250000000000001e+02  5.9418245343914569e+00  -4.1373740365875200e-01  4.4566892097506014e-02
1.2275000000000000e+02  5.9470003848018367e+00  -4.1284725106824371e-01  4.4623656811294619e-02
1.2300000000000000e+02  5.9521595272380017e+00  -4.1197118465818994e-01  4.4679970831598609e-02
1.2325000000000001e+02  5.9573019711955277e+00  -4.1110920137216089e-01  4.4735834953904735e-02
1.2350000000000000e+02  5.9624276957168840e+00  -4.1026132818884609e-01  4.4791250356529963e-02
1.2375000000000001e+02  5.9675367756667237e+00  -4.0942749734408013e-01  4.4846217181040884e-02
1.2400000000000000e+02  5.9726291107837985e+00  -4.0860781406700486e-01  4.4900737597712570e-02
1.2424999999999999e+02  5.9777046753237695e+00  -4.0780230989397115e-01  4.4954813018995017e-02
1.2450000000000000e+02  5.9827634705419932e+00  -4.0701098962553584e-01  4.5008444602787696e-02
1.2475000000000001e+02  5.9878056091781531e+00  -4.0623374786151834e-01  4.5061632175369480e-02
1.2500000000000000e+02  5.9928309672749638e+00  -4.0547071301453030e-01  4.5114378483468213e-02
1.2525000000000000e+02  5.9978395917967182e+00  -4.0472184456771654e-01  4.5166684244075203e-02
1.2550000000000001e+02  6.0028314224181658e+00  -4.0398720795289789e-01  4.5218551576309551e-02
1.2575000000000000e+02  6.0078065793503281e+00  -4.0326669019069739e-01  4.5269980312897605e-02
1.2600000000000001e+02  6.0127649914997789e+00  -4.0256036725142952e-01  4.5320972797885203e-02
1.2625000000000000e+02  6.0177066574335099e+00  -4.0186824623380657e-01  4.5371530535124251e-02
1.2650000000000000e+02  6.0226316193209870e+00  -4.0119029111495097e-01  4.5421654472003546e-02
1.2675000000000000e+02  6.0275398727398581e+00  -4.0052651185274968e-01  4.5471346221833200e-02
1.2700000000000001e+02  6.0324314322706529e+00  -3.9987689958609574e-01  4.5520607179136301e-02
1.2725000000000000e+02  6.0373062602633514e+00  -3.9924149699944822e-01  4.5569439537967646e-02
1.2750000000000000e+02  6.0421643932209781e+00  -3.9862027348491447e-01  4.5617844472102556e-02
1.2775000000000001e+02  6.0470058787282852e+00  -3.9801318744536873e-01  4.5665823005162767e-02
1.2800000000000000e+02  6.0518307649994121e+00  -3.9742019662247507e-01  4.5713376150911686e-02
1.2825000000000000e+02  6.0566389945506893e+00  -3.9684136311268725e-01  4.5760506578615918e-02
1.2850000000000000e+02  6.0614305749182424e+00  -3.9627668474686928e-01  4.5807216032211662e-02
1.2875000000000000e+02  6.0662055986856949e+00  -3.9572607531787085e-01  4.5853504926393347e-02
1.2900000000000000e+02  6.0709639727514544e+00  -3.9518963196872736e-01  4.5899376677576924e-02
1.2925000000000003e+02  6.0757058306987899e+00  -3.9466722792158038e-01  4.5944831071751902e-02
1.2950000000000000e+02  6.0804311306957892e+00  -3.9415890960246625e-01  4.5989870779006604e-02
1.2975000000000000e+02  6.0851399350483941e+00  -3.9366462055298523e-01  4.6034496772025507e-02
1.3000000000000000e+02  6.0898321997814833e+00  -3.9318440923455000e-01  4.6078711867683905e-02
1.3025000000000000e+02  6.0945080189041372e+00  -3.9271818780539292e-01  4.6122516535981657e-02
1.3050000000000000e+02  6.0991673744737112e+00  -3.9226597894369242e-01  4.6165913212425289e-02
1.3075000000000000e+02  6.1038102996344765e+00  -3.9182775483967269e-01  4.6208903475349485e-02
1.3100000000000000e+02  6.1084368399709392e+00  -3.9140347536579556e-01  4.6251488685585269e-02
1.3125000000000000e+02  6.1130469762125976e+00  -3.9099316439985587e-01  4.6293671433330859e-02
1.3150000000000003e+02  6.1176407463084219e+00  -3.9059678928165420e-01  4.6335453291747701e-02
1.3175000000000000e+02  6.1222182386957265e+00  -3.9021426746724508e-01  4.6376834855648162e-02
1.3200000000000000e+02  6.1267794195807292e+00  -3.8984563706963371e-01  4.6417819098177542e-02
1.3225000000000000e+02  6.1313243655522731e+00  -3.8949082717802463e-01  4.6458406866525657e-02
1.3250000000000000e+02  6.1358530777290481e+00  -3.8914984136677688e-01  4.6498600514443385e-02
1.3275000000000000e+02  6.1403655587211849e+00  -3.8882268170344902e-01  4.6538402424851515e-02
1.3300000000000000e+02  6.1448618673580810e+00  -3.8850929471620255e-01  4.6577813850999482e-02
1.3325000000000000e+02  6.1493420693125431e+00  -3.8820962014771121e-01  4.6616835884294897e-02
1.3350000000000000e+02  6.1538061711204897e+00  -3.8792365609682999e-01  4.6655470876062435e-02
1.3375000000000003e+02  6.1582541638285120e+00  -3.8765141592153274e-01  4.6693721577903864e-02
1.3400000000000000e+02  6.1626861356475970e+00  -3.8739281702352590e-01  4.6731588631786787e-02
1.3425000000000000e+02  6.1671020959295886e+00  -3.8714785463002821e-01  4.6769074421996668e-02
1.3450000000000000e+02  6.1715020865043657e+00  -3.8691649187456711e-01  4.6806180634790959e-02
1.3475000000000000e+02  6.1758861936765044e+00  -3.8669864795861386e-01  4.6842907911699795e-02
1.3500000000000000e+02  6.1802543415563287e+00  -3.8649440217312847e-01  4.6879260717660354e-02
1.3525000000000000e+02  6.1846066234136874e+00  -3.8630366678625050e-01  4.6915239587122723e-02
1.3550000000000000e+02  6.1889430797449263e+00  -3.8612640613765770e-01  4.6950846288720101e-02
1.3575000000000000e+02  6.1932637906597048e+00  -3.8596254543746600e-01  4.6986081601533912e-02
1.3600000000000003e+02  6.1975687310542336e+00  -3.8581211372915591e-01  4.7020948936587120e-02
1.3625000000000000e+02  6.2018579708075254e+00  -3.8567504626929949e-01  4.7055449356017513e-02
1.3650000000000000e+02  6.2061314783555748e+00  -3.8555137842490916e-01  4.7089586554291733e-02
1.3675000000000000e+02  6.2103894030892537e+00  -3.8544096691506002e-01  4.7123359509774851e-02
1.3700000000000000e+02  6.2146317180658679e+00  -3.8534384249500286e-01  4.7156771823473539e-02
1.3725000000000000e+02  6.2188584836756036e+00  -3.8525994968837818e-01  4.7189824806309441e-02
1.3750000000000000e+02  6.2230697225980665e+00  -3.8518927021805860e-01  4.7222520803630236e-02
1.3775000000000000e+02  6.2272654537311238e+00  -3.8513178951571225e-01  4.7254862308743720e-02
1.3800000000000000e+02  6.2314457844671907e+00  -3.8508740564087907e-01  4.7286849291486022e-02
1.3825000000000003e+02  6.2356106629733041e+00  -3.8505617379216117e-01  4.7318486316810744e-02
1.3850000000000000e+02  6.2397602329160593e+00  -3.8503795618120495e-01  4.7349772249193560e-02
1.3875000000000000e+02  6.2438944956982390e+00  -3.8503275541527149e-01  4.7380710117149318e-02
1.3900000000000000e+02  6.2480134673340952e+00  -3.8504055965742712e-01  4.7411302581179156e-02
1.3925000000000000e+02  6.2521171986350366e+00  -3.8506132270319737e-01  4.7441551259400340e-02
1.3950000000000000e+02  6.2562057207649309e+00  -3.8509501771839538e-01  4.7471458394514679e-02
1.3975000000000000e+02  6.2602791358587044e+00  -3.8514154780097787e-01  4.7501023924109827e-02
1.4000000000000000e+02  6.2643374192262113e+00  -3.8520094120183668e-01  4.7530251899744490e-02
1.4025000000000000e+02  6.2683806723190241e+00  -3.8527310165234363e-01  4.7559142238339465e-02
1.4050000000000003e+02  6.2724088651424692e+00  -3.8535806259559768e-01  4.7587699285108587e-02
1.4075000000000000e+02  6.2764220913116153e+00  -3.8545573545749789e-01  4.7615923194575437e-02
1.4100000000000000e+02  6.2804203688849238e+00  -3.8556610621475818e-01  4.7643816725112184e-02
1.4125000000000000e+02  6.2844037872101852e+00  -3.8568909046590472e-01  4.7671380083277363e-02
1.4150000000000000e+02  6.2883723516293752e+00  -3.8582468669933867e-01  4.7698616500876423e-02
1.4175000000000000e+02  6.2923260922760926e+00  -3.8597286891492733e-01  4.7725528376007430e-02
1.4200000000000000e+02  6.2962650943739309e+00  -3.8613355672548622e-01  4.7752115998085098e-02
1.4225000000000000e+02  6.3001893399861402e+00  -3.8630677153491932e-01  4.7778383642784104e-02
1.4250000000000000e+02  6.3040989442784632e+00  -3.8649240336921942e-01  4.7804330374859573e-02
1.4275000000000003e+02  6.3079938975588270e+00  -3.8669046545876684e-01  4.7829960209185979e-02
1.4300000000000000e+02  6.3118742957907488e+00  -3.8690086674495339e-01  4.7855272866525710e-02
1.4325000000000000e+02  6.3157401414769145e+00  -3.8712360838683324e-01  4.7880271937044923e-02
1.4350000000000000e+02  6.3195915051695506e+00  -3.8735862436947377e-01  4.7904958144705863e-02
1.4375000000000000e+02  6.3234283701309995e+00  -3.8760593480346328e-01  4.7929336074875699e-02
1.4400000000000000e+02  6.3272508594144492e+00  -3.8786542182849093e-01  4.7953404080110423e-02
1.4425000000000000e+02  6.3310589985945116e+00  -3.8813706376534718e-01  4.7977164815601499e-02
1.4450000000000000e+02  6.3348528167610718e+00  -3.8842083544906592e-01  4.8000620837682480e-02
1.4475000000000000e+02  6.3386323435691008e+00  -3.8871671113976491e-01  4.8023774748428963e-02
1.4500000000000003e+02  6.3423976489957852e+00  -3.8902462529018145e-01  4.8046627167380493e-02
1.4525000000000000e+02  6.3461487859829466e+00  -3.8934452914802620e-01  4.8069179487544363e-02
1.4550000000000000e+02  6.3498857629669070e+00  -3.8967641786527540e-01  4.8091435426444493e-02
1.4575000000000000e+02  6.3536086852385401e+00  -3.9002019099820195e-01  4.8113393594892237e-02
1.4600000000000000e+02  6.3573175450561186e+00  -3.9037585963213317e-01  4.8135058618103507e-02
1.4625000000000000e+02  6.3610123798770486e+00  -3.9074339023354909e-01  4.8156432813315594e-02
1.4650000000000000e+02  6.3646932919289485e+00  -3.9112268533543526e-01  4.8177514703440269e-02
1.4675000000000000e+02  6.3683602633873129e+00  -3.9151376592829301e-01  4.8198309768545042e-02
1.4700000000000000e+02  6.3720134007684601e+00  -3.9191653028340134e-01  4.8218816099043209e-02
1.4725000000000003e+02  6.3756526837479610e+00  -3.9233100182812031e-01  4.8239039549941312e-02
1.4750000000000000e+02  6.3792782119266649e+00  -3.9275708562983702e-01  4.8258978469899426e-02
1.4775000000000000e+02  6.3828900015233341e+00  -3.9319476902500705e-01  4.8278636505059064e-02
1.4800000000000000e+02  6.3864881152736181e+00  -3.9364399343200374e-01  4.8298014237103372e-02
1.4825000000000000e+02  6.3900725883695291e+00  -3.9410472743578628e-01  4.8317114106324770e-02
1.4850000000000000e+02  6.3936434519354064e+00  -3.9457694362188755e-01  4.8335938947692961e-02
1.4875000000000000e+02  6.3972007800090447e+00  -3.9506057221391400e-01  4.8354488363000728e-02
1.4900000000000000e+02  6.4007446050576773e+00  -3.9555558444441763e-01  4.8372765026725141e-02
1.4925000000000000e+02  6.4042749507825576e+00  -3.9606196018366768e-01  4.8390772490636849e-02
1.4950000000000003e+02  6.4077919021241438e+00  -3.9657961885565518e-01  4.8408509179861274e-02
1.4975000000000000e+02  6.4112954991458029e+00  -3.9710852415763531e-01  4.8425977088900243e-02
1.5000000000000000e+02  6.4147857465311668e+00  -3.9764867468710863e-01  4.8443181644127836e-02
1.5025000000000000e+02  6.4182627241603942e+00  -3.9819999482294177e-01  4.8460121388950658e-02
1.5050000000000000e+02  6.4217264672097274e+00  -3.9876245304632363e-01  4.8476798949446266e-02
1.5075000000000000e+02  6.4251770222072837e+00  -3.9933600662319613e-01  4.8493215871420157e-02
1.5100000000000000e+02  6.4286144308757311e+00  -3.9992061754946651e-01  4.8509374213519328e-02
1.5125000000000000e+02  6.4320387402445300e+00  -4.0051624257181295e-01  4.8525275445960088e-02
1.5150000000000000e+02  6.4354500024734076e+00  -4.0112283336168542e-01  4.8540920316473224e-02
1.5175000000000003e+02  6.4388482432608303e+00  -4.0174036769137045e-01  4.8556312954694612e-02
1.5200000000000000e+02  6.4422335359902156e+00  -4.0236877626377821e-01  4.8571451142192780e-02
1.5225000000000000e+02  6.4456058881231222e+00  -4.0300805482457847e-01  4.8586341869081451e-02
1.5250000000000000e+02  6.4489653763380286e+00  -4.0365813080107094e-01  4.8600982059191208e-02
1.5275000000000000e+02  6.4523120314498907e+00  -4.0431897686918328e-01  4.8615375423390450e-02
1.5300000000000000e+02  6.4556459017921455e+00  -4.0499054840516635e-01  4.8629522905353433e-02
1.5325000000000000e+02  6.4589670227186557e+00  -4.0567281358270080e-01  4.8643427968207496e-02
1.5350000000000000e+02  6.4622754540793492e+00  -4.0636571638999719e-01  4.8657088942182236e-02
1.5375000000000000e+02  6.4655712268671888e+00  -4.0706922928193423e-01  4.8670510308463047e-02
1.5400000000000003e+02  6.4688543850603466e+00  -4.0778331188731176e-01  4.8683694091020142e-02
1.5425000000000000e+02  6.4721249820371085e+00  -4.0850791454734869e-01  4.8696639204153798e-02
1.5450000000000000e+02  6.4753830590503787e+00  -4.0924299955847143e-01  4.8709347588586936e-02
1.5475000000000000e+02  6.4786286520046064e+00  -4.0998853448436456e-01  4.8721824177485308e-02
1.5500000000000000e+02  6.4818618127053851e+00  -4.1074447118547264e-01  4.8734067165103000e-02
1.5525000000000000e+02  6.4850825822346643e+00  -4.1151077209463516e-01  4.8746079075671050e-02
1.5550000000000000e+02  6.4882910029448171e+00  -4.1228739838007922e-01  4.8757862898744217e-02
1.5575000000000000e+02  6.4914871201082951e+00  -4.1307430831785563e-01  4.8769418318109985e-02
1.5600000000000000e+02  6.4946709763431976e+00  -4.1387146279318721e-01  4.8780747914477708e-02
1.5625000000000003e+02  6.4978426142874435e+00  -4.1467882266105960e-01  4.8791851989469628e-02
1.5650000000000000e+02  6.5010020788949632e+00  -4.1549634648082190e-01  4.8802734809035853e-02
1.5675000000000000e+02  6.5041494119588847e+00  -4.1632399592085401e-01  4.8813395787168284e-02
1.5700000000000000e+02  6.5072846572048944e+00  -4.1716173073228191e-01  4.8823837161754056e-02
1.5725000000000003e+02  6.5104078514477290e+00  -4.1800951747679438e-01  4.8834057983119135e-02
1.5750000000000000e+02  6.5135190502667175e+00  -4.1886730418650675e-01  4.8844065149365394e-02
1.5775000000000000e+02  6.5166182811138151e+00  -4.1973506664374804e-01  4.8853854551221043e-02
1.5800000000000000e+02  6.5197055989143422e+00  -4.2061275350650851e-01  4.8863431819014182e-02
1.5825000000000000e+02  6.5227810364908807e+00  -4.2150033523718999e-01  4.8872795779315276e-02
1.5850000000000003e+02  6.5258446430115473e+00  -4.2239776615605518e-01  4.8881949714745507e-02
1.5875000000000000e+02  6.5288964657824220e+00  -4.2330500241131785e-01  4.8890895956977591e-02
1.5900000000000000e+02  6.5319365332985146e+00  -4.2422201870852216e-01  4.8899633275301821e-02
1.5925000000000000e+02  6.5349648863203189e+00  -4.2514877763744696e-01  4.8908163258809971e-02
1.5950000000000003e+02  6.5379815843000273e+00  -4.2608522332942833e-01  4.8916490320828093e-02
1.5975000000000003e+02  6.5409866514732036e+00  -4.2703133466597087e-01  4.8924613123904205e-02
1.6000000000000000e+02  6.5439801411686194e+00  -4.2798706180394408e-01  4.8932534910760619e-02
1.6025000000000000e+02  6.5469620880312478e+00  -4.2895237333181679e-01  4.8940256173474250e-02
1.6050000000000000e+02  6.5499325412039155e+00  -4.2992722351924462e-01  4.8947779347557140e-02
1.6075000000000003e+02  6.5528915254579401e+00  -4.3091159068313711e-01  4.8955103928045661e-02
1.6100000000000000e+02  6.5558390963728845e+00  -4.3190542272120869e-01  4.8962233104379568e-02
1.6125000000000000e+02  6.5587752929062662e+00  -4.3290868392949511e-01  4.8969168045995173e-02
1.6150000000000000e+02  6.5617001492726743e+00  -4.3392134327678189e-01  4.8975909514617375e-02
1.6175000000000003e+02  6.5646137006701686e+00  -4.3494336875262318e-01  4.8982458483529792e-02
1.6200000000000003e+02  6.5675160223684674e+00  -4.3597468878178880e-01  4.8988819593721103e-02
1.6225000000000000e+02  6.5704071326999482e+00  -4.3701528798455325e-01  4.8994992084106771e-02
1.6250000000000000e+02  6.5732870397458676e+00  -4.3806516109211735e-01  4.9000974685018253e-02
1.6275000000000000e+02  6.5761558252117478e+00  -4.3912423014975577e-01  4.9006772383519893e-02
1.6300000000000003e+02  6.5790135059339816e+00  -4.4019248122925703e-01  4.9012384681756511e-02
1.6325000000000000e+02  6.5818601840059001e+00  -4.4126981623020711e-01  4.9017817656067261e-02
1.6350000000000000e+02  6.5846958071438237e+00  -4.4235628944249017e-01  4.9023065719314689e-02
1.6375000000000000e+02  6.5875204568854997e+00  -4.4345182304071873e-01  4.9028133444852288e-02
1.6400000000000003e+02  6.5903341849898727e+00  -4.4455636858795167e-01  4.9033023016075046e-02
1.6425000000000003e+02  6.5931369963712356e+00  -4.4566992388523818e-01  4.9037733474657300e-02
1.6450000000000000e+02  6.5959289555001277e+00  -4.4679242793001039e-01  4.9042267891454300e-02
1.6475000000000000e+02  6.5987101165994808e+00  -4.4792382982678491e-01  4.9046628511279881e-02
1.6500000000000000e+02  6.6014804876427426e+00  -4.4906412433277731e-01  4.9050814734679878e-02
1.6525000000000003e+02  6.6042401158399127e+00  -4.5021326746036561e-01  4.9054828442325046e-02
1.6550000000000000e+02  6.6069890546864984e+00  -4.5137120900778838e-01  4.9058671808732801e-02
1.6575000000000000e+02  6.6097273491248805e+00  -4.5253790720889242e-01  4.9062346452982505e-02
1.6600000000000000e+02  6.6124549864410920e+00  -4.5371337721552640e-01  4.9065850896721191e-02
1.6625000000000003e+02  6.6151720243330194e+00  -4.5489756465277464e-01  4.9069187595103508e-02
1.6650000000000003e+02  6.6178785575538051e+00  -4.5609037855036760e-01  4.9072360765299645e-02
1.6675000000000000e+02  6.6205745783575125e+00  -4.5729182913176247e-01  4.9075369285950438e-02
1.6700000000000000e+02  6.6232601094609995e+00  -4.5850189653599438e-01  4.9078213727002933e-02
1.6725000000000000e+02  6.6259351946306104e+00  -4.5972054011177477e-01  4.9080895723767774e-02
1.6750000000000003e+02  6.6285998963066124e+00  -4.6094770075960989e-01  4.9083417730223601e-02
1.6775000000000000e+02  6.6312542645126715e+00  -4.6218333163227632e-01  4.9085781542550500e-02
1.6800000000000000e+02  6.6338982992980915e+00  -4.6342743522069041e-01  4.9087986711209619e-02
1.6825000000000000e+02  6.6365320395945364e+00  -4.6467997561474350e-01  4.9090034603693468e-02
1.6850000000000003e+02  6.6391555479255491e+00  -4.6594089360136204e-01  4.9091927575095451e-02
1.6875000000000003e+02  6.6417688128002217e+00  -4.6721020304600280e-01  4.9093664835935247e-02
1.6900000000000000e+02  6.6443719517485400e+00  -4.6848779040149324e-01  4.9095250968188689e-02
1.6925000000000000e+02  6.6469649057191500e+00  -4.6977371648470179e-01  4.9096683305168344e-02
1.6950000000000000e+02  6.6495477895691568e+00  -4.7106787037089370e-01  4.9097966222717553e-02
1.6975000000000003e+02  6.6521206184635586e+00  -4.7237023957381608e-01  4.9099100067124014e-02
1.7000000000000000e+02  6.6546834064789557e+00  -4.7368081267591045e-01  4.9100085207859558e-02
1.7025000000000000e+02  6.6572362087835222e+00  -4.7499953767214143e-01  4.9100923578578246e-02
1.7050000000000000e+02  6.6597790438918638e+00  -4.7632639874742511e-01  4.9101615740613190e-02
1.7075000000000003e+02  6.6623119782821707e+00  -4.7766133271230782e-01  4.9102163995181726e-02
1.7100000000000003e+02  6.6648350004290391e+00  -4.7900435340532921e-01  4.9102567862586634e-02
1.7125000000000000e+02  6.6673482110423654e+00  -4.8035536381252752e-01  4.9102830788241805e-02
1.7150000000000000e+02  6.6698515806133534e+00  -4.8171439552087980e-01  4.9102951720379838e-02
1.7175000000000000e+02  6.6723452256526103e+00  -4.8308133589369362e-01  4.9102934539362514e-02
1.7200000000000003e+02  6.6748290734352631e+00  -4.8445625918805346e-01  4.9102776844253120e-02
1.7225000000000000e+02  6.6773031561213863e+00  -4.8583913606552942e-01  4.9102479797890751e-02
1.7250000000000000e+02  6.6797676810501629e+00  -4.8722976415273944e-01  4.9102050010463208e-02
1.7275000000000000e+02  6.6822225190364977e+00  -4.8862827345491899e-01  4.9101483429008212e-02
1.7300000000000003e+02  6.6846677449314642e+00  -4.9003459244414982e-01  4.9100782483539170e-02
1.7325000000000003e+02  6.6871034673924896e+00  -4.9144861618946978e-01  4.9099950516595159e-02
1.7350000000000000e+02  6.6895295749560075e+00  -4.9287045718046585e-01  4.9098984314005091e-02
1.7375000000000000e+02  6.6919462084406582e+00  -4.9429997870470377e-01  4.9097888170657321e-02
1.7400000000000000e+02  6.6943533931879848e+00  -4.9573715810554653e-01  4.9096662919533116e-02
1.7425000000000003e+02  6.6967511228066856e+00  -4.9718200406702184e-01  4.9095308525532455e-02
1.7450000000000000e+02  6.6991394396242345e+00  -4.9863447714241271e-01  4.9093826357776614e-02
1.7475000000000000e+02  6.7015184184795773e+00  -5.0009450575945236e-01  4.9092218642301483e-02
1.7500000000000000e+02  6.7038880571548116e+00  -5.0156209446073996e-01  4.9090485489246126e-02
1.7525000000000003e+02  6.7062483965963722e+00  -5.0303720514093753e-01  4.9088628191827265e-02
1.7550000000000003e+02  6.7085994703186360e+00  -5.0451980703080945e-01  4.9086647840925889e-02
1.7575000000000000e+02  6.7109413441271402e+00  -5.0600983745155226e-01  4.9084546341454899e-02
1.7600000000000000e+02  6.7132739996068969e+00  -5.0750731692283724e-01  4.9082323442728545e-02
1.7625000000000000e+02  6.7155975041767206e+00  -5.0901218115727165e-01  4.9079981077469352e-02
1.7650000000000003e+02  6.7179118456794340e+00  -5.1052444448168011e-01  4.9077519200412173e-02
1.7675000000000000e+02  6.7202170855905479e+00  -5.1204404846718266e-01  4.9074939585395577e-02
1.7700000000000000e+02  6.7225133055291666e+00  -5.1357091477403882e-01  4.9072244442148492e-02
1.7725000000000000e+02  6.7248004345700343e+00  -5.1510511577471840e-01  4.9069432355871662e-02
1.7750000000000003e+02  6.7270786277825385e+00  -5.1664650054233352e-01  4.9066507240029138e-02
1.7775000000000003e+02  6.7293477393318106e+00  -5.1819521545691005e-01  4.9063466023847806e-02
1.7800000000000000e+02  6.7316079536668516e+00  -5.1975108054681174e-01  4.9060313247124801e-02
1.7825000000000000e+02  6.7338592975869656e+00  -5.2131407160026022e-01  4.9057049776118702e-02
1.7850000000000000e+02  6.7361017420888567e+00  -5.2288421954178510e-01  4.9053675265957705e-02
1.7875000000000003e+02  6.7383353218251409e+00  -5.2446149239133755e-01  4.9050190814231683e-02
1.7900000000000000e+02  6.7405601209720105e+00  -5.2604580922158739e-01  4.9046598553924535e-02
1.7925000000000000e+02  6.7427761010194214e+00  -5.2763721033640287e-01  4.9042897993387957e-02
1.7950000000000000e+02  6.7449833982012439e+00  -5.2923556335006561e-01  4.9039092324698101e-02
1.7974999999999997e+02  6.7471819028991709e+00  -5.3084097882650427e-01  4.9035179607077893e-02
1.8000000000000003e+02  6.7493718119566664e+00  -5.3245326446558394e-01  4.9031164218533888e-02
1.8025000000000000e+02  6.7515529391336537e+00  -5.3407260654730671e-01  4.9027042742758577e-02
1.8050000000000000e+02  6.7537255164676138e+00  -5.3569877797338927e-01  4.9022820199750794e-02
1.8075000000000000e+02  6.7558894557473836e+00  -5.3733186813408240e-01  4.9018495186668440e-02
1.8100000000000003e+02  6.7580448911020952e+00  -5.3897174667428382e-01  4.9014070682819537e-02
1.8125000000000000e+02  6.7601917052579719e+00  -5.4061853170114427e-01  4.9009544794749636e-02
1.8150000000000000e+02  6.7623301115697050e+00  -5.4227201453917750e-01  4.9004921960328691e-02
1.8175000000000000e+02  6.7644599253084206e+00  -5.4393237996113752e-01  4.9000199080925837e-02
1.8199999999999997e+02  6.7665813149628775e+00  -5.4559946361909439e-01  4.8995379700113965e-02
1.8225000000000003e+02  6.7686943829638748e+00  -5.4727316644364121e-01  4.8990466048904967e-02
1.8250000000000000e+02  6.7707989698244102e+00  -5.4895364825010562e-01  4.8985455610163604e-02
1.8275000000000000e+02  6.7728952542520870e+00  -5.5064073456180962e-01  4.8980351997619548e-02
1.8300000000000000e+02  6.7749831194027390e+00  -5.5233454303889129e-01  4.8975153538047718e-02
1.8325000000000003e+02  6.7770628170391598e+00  -5.5403482696840500e-01  4.8969865034098302e-02
1.8350000000000000e+02  6.7791341416502870e+00  -5.5574179165123327e-01  4.8964483307937220e-02
1.8375000000000000e+02  6.7811972710189128e+00  -5.5745526348814867e-01  4.8959011827492904e-02
1.8400000000000000e+02  6.7832522101360571e+00  -5.5917523968182659e-01  4.8953451060357790e-02
1.8424999999999997e+02  6.7852988237435996e+00  -5.6090185608335563e-01  4.8947799178287489e-02
1.8450000000000003e+02  6.7873374529608412e+00  -5.6263477758759839e-01  4.8942062235128647e-02
1.8475000000000000e+02  6.7893678447214976e+00  -5.6437425650261686e-01  4.8936236476680106e-02
1.8500000000000000e+02  6.7913902270533431e+00  -5.6612006950654647e-01  4.8930326015989123e-02
1.8525000000000000e+02  6.7934044631825401e+00  -5.6787235393441193e-01  4.8924329071012830e-02
1.8550000000000003e+02  6.7954106729089077e+00  -5.6963099344912882e-01  4.8918247973098426e-02
1.8575000000000000e+02  6.7974089567379652e+00  -5.7139589077687214e-01  4.8912084690418946e-02
1.8600000000000000e+02  6.7993991000925229e+00  -5.7316726017381514e-01  4.8905836328650393e-02
1.8625000000000000e+02  6.8013814226660765e+00  -5.7494478763135293e-01  4.8899508216754935e-02
1.8649999999999997e+02  6.8033556318805752e+00  -5.7672876452980582e-01  4.8893096349800907e-02
1.8675000000000003e+02  6.8053221463042304e+00  -5.7851877906681581e-01  4.8886607426042651e-02
1.8700000000000000e+02  6.8072806269787147e+00  -5.8031516848284959e-01  4.8880036824222976e-02
1.8725000000000000e+02  6.8092312121866954e+00  -5.8211779811366648e-01  4.8873387051840501e-02
1.8750000000000000e+02  6.8111742041606167e+00  -5.8392637114807266e-01  4.8866662884733167e-02
1.8775000000000003e+02  6.8131092676217353e+00  -5.8574122119265848e-01  4.8859859906303572e-02
1.8800000000000000e+02  6.8150366110268346e+00  -5.8756214415800656e-01  4.8852981533397150e-02
1.8825000000000000e+02  6.8169561222296444e+00  -5.8938925299651768e-01  4.8846026623965470e-02
1.8850000000000000e+02  6.8188680050192145e+00  -5.9122234821140962e-01  4.8838998448407986e-02
1.8874999999999997e+02  6.8207721621491197e+00  -5.9306152801255418e-01  4.8831896088992383e-02
1.8900000000000003e+02  6.8226686312103757e+00  -5.9490675725441378e-01  4.8824720500912827e-02
1.8925000000000000e+02  6.8245575524134665e+00  -5.9675789928986411e-01  4.8817473999393735e-02
1.8950000000000000e+02  6.8264387773113322e+00  -5.9861510295888287e-01  4.8810155028838474e-02
1.8975000000000000e+02  6.8283123500878737e+00  -6.0047832658155764e-01  4.8802764639790594e-02
1.9000000000000003e+02  6.8301784886051085e+00  -6.0234735668159223e-01  4.8795306110126224e-02
1.9025000000000000e+02  6.8320371293030044e+00  -6.0422225812567021e-01  4.8787779016515098e-02
1.9050000000000000e+02  6.8338881397434212e+00  -6.0610316391553187e-01  4.8780182108782245e-02
1.9075000000000000e+02  6.8357317590766042e+00  -6.0798983948978425e-01  4.8772518868968627e-02
1.9099999999999997e+02  6.8375679788744330e+00  -6.0988229516878878e-01  4.8764789594465320e-02
1.9125000000000003e+02  6.8393965604467954e+00  -6.1178076905423495e-01  4.8756991770698616e-02
1.9150000000000000e+02  6.8412179241355506e+00  -6.1368484731531758e-01  4.8749131029372221e-02
1.9175000000000000e+02  6.8430318524416416e+00  -6.1559474708014994e-01  4.8741205117111913e-02
1.9200000000000000e+02  6.8448384534610458e+00  -6.1751036338184173e-01  4.8733215779187641e-02
1.9225000000000003e+02  6.8466377205226046e+00  -6.1943170478308041e-01  4.8725163364997943e-02
1.9250000000000000e+02  6.8484296027338614e+00  -6.2135882359478467e-01  4.8717047718733704e-02
1.9275000000000000e+02  6.8502141724850034e+00  -6.2329165015557342e-01  4.8708870141640916e-02
1.9300000000000000e+02  6.8519916003209378e+00  -6.2523001768028230e-01  4.8700633037220407e-02
1.9324999999999997e+02  6.8537618269634111e+00  -6.2717398675565228e-01  4.8692336127297453e-02
1.9350000000000003e+02  6.8555248081919089e+00  -6.2912360307374549e-01  4.8683979341910433e-02
1.9375000000000000e+02  6.8572805938890351e+00  -6.3107881921344777e-01  4.8675563681140746e-02
1.9400000000000000e+02  6.8590293014191666e+00  -6.3303952097405336e-01  4.8667090879910259e-02
1.9425000000000000e+02  6.8607707889492557e+00  -6.3500585061920933e-01  4.8658559790483440e-02
1.9450000000000003e+02  6.8625050084481343e+00  -6.3697785760323677e-01  4.8649970351048663e-02
1.9475000000000000e+02  6.8642324445861478e+00  -6.3895506424207982e-01  4.8641328251847499e-02
1.9500000000000000e+02  6.8659526348176492e+00  -6.4093793014918488e-01  4.8632628900985672e-02
1.9525000000000000e+02  6.8676657462192301e+00  -6.4292629190290196e-01  4.8623874546689858e-02
1.9549999999999997e+02  6.8693719667638344e+00  -6.4491996538155583e-01  4.8615067593707817e-02
1.9575000000000003e+02  6.8710712285293027e+00  -6.4691901969129662e-01  4.8606207730731453e-02
1.9600000000000000e+02  6.8727635447652098e+00  -6.4892344360471776e-01  4.8597295506733029e-02
1.9625000000000000e+02  6.8744486964080682e+00  -6.5093345581273621e-01  4.8588329111651417e-02
1.9650000000000000e+02  6.8761270601944346e+00  -6.5294868534643502e-01  4.8579312831357496e-02
1.9687500000000000e+02  6.8786317094718639e+00  -6.5598148364932252e-01  4.8565694033008186e-02
1.9725000000000000e+02  6.8811209243498599e+00  -6.5902619149572228e-01  4.8551963639712148e-02
1.9762500000000000e+02  6.8835946860728683e+00  -6.6208283373413890e-01  4.8538122885554619e-02
1.9799999999999997e+02  6.8860534196832601e+00  -6.6515099589831772e-01  4.8524177278944536e-02
1.9837499999999997e+02  6.8884966832484995e+00  -6.6823112166512599e-01  4.8510123955874979e-02
1.9875000000000000e+02  6.8909247922216847e+00  -6.7132290499523961e-01  4.8495967349634565e-02
1.9912500000000000e+02  6.8933380233917427e+00  -6.7442607806380028e-01  4.8481711399701463e-02
1.9950000000000000e+02  6.8957360925472901e+00  -6.7754092838480640e-01  4.8467354843950976e-02
1.9987500000000000e+02  6.8981193035356165e+00  -6.8066716129427407e-01  4.8452901841657486e-02
2.0024999999999997e+02  6.9004878087933079e+00  -6.8380463197665797e-01  4.8438355088758878e-02
2.0062499999999997e+02  6.9028414935355462e+00  -6.8695346016008196e-01  4.8423714900315634e-02
2.0100000000000000e+02  6.9051803943543071e+00  -6.9011361568578478e-01  4.8408982961433818e-02
2.0137500000000000e+02  6.9075046438792818e+00  -6.9328497327826089e-01  4.8394161772239735e-02
2.0175000000000000e+02  6.9098144328170248e+00  -6.9646735012137961e-01  4.8379254284728744e-02
2.0212500000000000e+02  6.9121099210943502e+00  -6.9966059383162893e-01  4.8364263121334052e-02
2.0249999999999997e+02  6.9143907942786420e+00  -7.0286502174653798e-01  4.8349186972083180e-02
2.0287499999999997e+02  6.9166572346194961e+00  -7.0608045935126729e-01  4.8334028685583251e-02
2.0325000000000000e+02  6.9189096118638496e+00  -7.0930654639778457e-01  4.8318792546540347e-02
2.0362500000000000e+02  6.9211477821491920e+00  -7.1254343125051989e-01  4.8303478650987268e-02
2.0400000000000000e+02  6.9233716329290926e+00  -7.1579123126401845e-01  4.8288087410029414e-02
2.0437500000000000e+02  6.9255816920253359e+00  -7.1904942952001294e-01  4.8272624214396868e-02
2.0474999999999997e+02  6.9277776697515892e+00  -7.2231831876595276e-01  4.8257088053155969e-02
2.0512499999999997e+02  6.9299596784461173e+00  -7.2559779354780574e-01  4.8241481050954431e-02
2.0550000000000000e+02  6.9321279158375502e+00  -7.2888766379526615e-01  4.8225805937067726e-02
2.0587500000000000e+02  6.9342821482892845e+00  -7.3218816671234066e-01  4.8210062209520968e-02
2.0625000000000000e+02  6.9364229812300939e+00  -7.3549870829348407e-01  4.8194255540301288e-02
2.0662500000000000e+02  6.9385499124972148e+00  -7.3881979172126089e-01  4.8178383470500304e-02
2.0699999999999997e+02  6.9406633824904045e+00  -7.4215098640382893e-01  4.8162450385284369e-02
2.0737499999999997e+02  6.9427633301034346e+00  -7.4549235854850204e-01  4.8146457022479008e-02
2.0775000000000000e+02  6.9448498405098391e+00  -7.4884382942300620e-01  4.8130405159812463e-02
2.0812500000000000e+02  6.9469226746088069e+00  -7.5220564157456060e-01  4.8114294340883643e-02
2.0850000000000000e+02  6.9489825054197487e+00  -7.5557713376092162e-01  4.8098130335828451e-02
2.0887500000000000e+02  6.9510290756490214e+00  -7.5895856649942539e-01  4.8081912515210407e-02
2.0924999999999997e+02  6.9530623157808957e+00  -7.6235001424698456e-01  4.8065641567671659e-02
2.0962499999999997e+02  6.9550825206874372e+00  -7.6575119034844130e-01  4.8049320577909775e-02
2.1000000000000000e+02  6.9570895561907538e+00  -7.6916223329719058e-01  4.8032949789697854e-02
2.1037500000000000e+02  6.9590835683609242e+00  -7.7258300384497058e-01  4.8016531271946189e-02
2.1075000000000000e+02  6.9610646815725241e+00  -7.7601338420950450e-01  4.8000066914931465e-02
2.1112500000000000e+02  6.9630329074876780e+00  -7.7945336828847633e-01  4.7983557872958035e-02
2.1149999999999997e+02  6.9649883446174492e+00  -7.8290286388547869e-01  4.7967005842368425e-02
2.1187499999999997e+02  6.9669309395298207e+00  -7.8636192938018512e-01  4.7950411564036441e-02
2.1225000000000000e+02  6.9688609597353688e+00  -7.8983030501247864e-01  4.7933777727576156e-02
2.1262500000000000e+02  6.9707782477347093e+00  -7.9330815227563845e-01  4.7917104424540759e-02
2.1300000000000000e+02  6.9726828725787309e+00  -7.9679540808829152e-01  4.7900393123846433e-02
2.1337500000000000e+02  6.9745750150241870e+00  -8.0029189860197025e-01  4.7883645922536959e-02
2.1374999999999997e+02  6.9764546895694215e+00  -8.0379761475731648e-01  4.7866863918682681e-02
2.1412499999999997e+02  6.9783219556015670e+00  -8.0731250297666124e-01  4.7850048465446750e-02
2.1450000000000000e+02  6.9801770442163260e+00  -8.1083633940997490e-01  4.7833201857542522e-02
2.1487500000000000e+02  6.9820195233979359e+00  -8.1436955765013952e-01  4.7816322661443041e-02
2.1525000000000000e+02  6.9838500972344937e+00  -8.1791146482862942e-01  4.7799415777690375e-02
2.1562500000000000e+02  6.9856684086112404e+00  -8.2146242024001603e-01  4.7782480180116237e-02
2.1599999999999997e+02  6.9874744890588003e+00  -8.2502239782634934e-01  4.7765517013303505e-02
2.1637499999999997e+02  6.9892684742206237e+00  -8.2859126826908280e-01  4.7748527969809572e-02
2.1675000000000000e+02  6.9910506386218705e+00  -8.3216876448097654e-01  4.7731515429496732e-02
2.1712500000000000e+02  6.9928205371617542e+00  -8.3575533300790905e-01  4.7714477981454229e-02
2.1750000000000000e+02  6.9945785758641454e+00  -8.3935057632299515e-01  4.7697418683662597e-02
2.1787500000000000e+02  6.9963250976010833e+00  -8.4295415945643004e-01  4.7680340173975891e-02
2.1824999999999997e+02  6.9980595536423689e+00  -8.4656663171391466e-01  4.7663240539711951e-02
2.1862499999999997e+02  6.9997825550208717e+00  -8.5018739211574701e-01  4.7646123750591032e-02
2.1900000000000000e+02  7.0014938072982611e+00  -8.5381673773602706e-01  4.7628989188754099e-02
2.1937500000000000e+02  7.0031931720439342e+00  -8.5745481092816478e-01  4.7611837060324257e-02
2.1975000000000000e+02  7.0048813452203502e+00  -8.6110092633341973e-01  4.7594671605138382e-02
2.2012500000000000e+02  7.0065575576502619e+00  -8.6475585195320859e-01  4.7577489953766226e-02
2.2049999999999997e+02  7.0082227015746108e+00  -8.6841870763628259e-01  4.7560297202937633e-02
2.2087499999999997e+02  7.0098763685727192e+00  -8.7208990348825166e-01  4.7543092212142285e-02
2.2125000000000000e+02  7.0115182622717533e+00  -8.7576973850005402e-01  4.7525874444157200e-02
2.2162500000000000e+02  7.0131494223153101e+00  -8.7945718611242274e-01  4.7508649496850623e-02
