# q = 1.8153361174005404e+01 m1 = 9.4778984268530453e-01 m2 = 5.2210157314695332e-02 chi1 = 9.3312665151825458e-01 chi2 = 4.2824963485893319e-02 lm = 21 Mtot = 2.7453213230060959e+02 distance = 7.9370079055085316e+03
#fHz   cexp_i_alpha(re im)   cexp_i_epsilon(re im)    cexp_i_betah(re im)
1.3250000000000000e+01  3.1225050604608304e+00  -1.8888363060721838e+00  4.3761876739989262e-02
1.3375000000000000e+01  3.1893372839188014e+00  -1.8335251164235706e+00  4.3599925377407665e-02
1.3500000000000002e+01  3.2547244225137844e+00  -1.7796162444433210e+00  4.3414272211910854e-02
1.3625000000000000e+01  3.3186696828367817e+00  -1.7271065206523604e+00  4.3206737299696735e-02
1.3750000000000000e+01  3.3811774018765268e+00  -1.6759916967557515e+00  4.2979114723397709e-02
1.3875000000000000e+01  3.4422528586364320e+00  -1.6262666311938592e+00  4.2733167332634124e-02
1.4000000000000002e+01  3.5019021566846380e+00  -1.5779254039947279e+00  4.2470622947746645e-02
1.4124999999999998e+01  3.5601320266703054e+00  -1.5309615105051897e+00  4.2193168547566426e-02
1.4250000000000000e+01  3.6169497136290394e+00  -1.4853679709001351e+00  4.1902447396849896e-02
1.4375000000000000e+01  3.6723629236248740e+00  -1.4411373807044821e+00  4.1600057206389103e-02
1.4500000000000000e+01  3.7263797864947010e+00  -1.3982619451787062e+00  4.1287548257639535e-02
1.4625000000000002e+01  3.7790086571135726e+00  -1.3567336735958859e+00  4.0966420102398066e-02
1.4750000000000000e+01  3.8302582569558163e+00  -1.3165442363041433e+00  4.0638122686351259e-02
1.4875000000000000e+01  3.8801375750567271e+00  -1.2776850601057692e+00  4.0304054428175425e-02
1.5000000000000000e+01  3.9286558555992368e+00  -1.2401473378138475e+00  3.9965561786603002e-02
1.5125000000000002e+01  3.9758226330433049e+00  -1.2039219906913279e+00  3.9623939188243432e-02
1.5249999999999998e+01  4.0216477755570477e+00  -1.1689996226599244e+00  3.9280428898349359e-02
1.5375000000000000e+01  4.0661414479986231e+00  -1.1353705543335662e+00  3.8936220982410036e-02
1.5500000000000000e+01  4.1093143069647944e+00  -1.1030246269432418e+00  3.8592453456719022e-02
1.5625000000000000e+01  4.1511773730318193e+00  -1.0719513264841183e+00  3.8250212585009262e-02
1.5875000000000002e+01  4.2310212794935911e+00  -1.0135775184133515e+00  3.7574397291621542e-02
1.6125000000000004e+01  4.3057738912259698e+00  -9.6015258266772285e-01  3.6916437009177565e-02
1.6375000000000000e+01  4.3755486811788140e+00  -9.1156726521298115e-01  3.6283181862734756e-02
1.6625000000000004e+01  4.4404752123988702e+00  -8.6769622187995799e-01  3.5680678695709317e-02
1.6875000000000000e+01  4.5007025250541979e+00  -8.2839459540934124e-01  3.5114179548218022e-02
1.7125000000000004e+01  4.5564022684928203e+00  -7.9349485334055192e-01  3.4588152592572308e-02
1.7375000000000000e+01  4.6077715416569687e+00  -7.6280392455721113e-01  3.4106292639891150e-02
1.7625000000000004e+01  4.6550349268106519e+00  -7.3610114763116918e-01  3.3671533164365053e-02
1.7875000000000000e+01  4.6984451013876303e+00  -7.1313764409225078e-01  3.3286067994937336e-02
1.8125000000000004e+01  4.7382822548959522e+00  -6.9363689229434833e-01  3.2951371915254241e-02
1.8375000000000004e+01  4.7748514669232076e+00  -6.7729734163359856e-01  3.2668236497960038e-02
1.8625000000000004e+01  4.8084785876534406e+00  -6.6379652865485461e-01  3.2436803584172572e-02
1.8875000000000000e+01  4.8395040419802813e+00  -6.5279726967666196e-01  3.2256624063951196e-02
1.9125000000000000e+01  4.8682757625383033e+00  -6.4395472888096883e-01  3.2126701320027123e-02
1.9375000000000004e+01  4.8951408739478062e+00  -6.3692473454027931e-01  3.2045561851123401e-02
1.9625000000000000e+01  4.9204373799515642e+00  -6.3137209468147137e-01  3.2011319748695671e-02
1.9875000000000004e+01  4.9444862291619618e+00  -6.2697853472268417e-01  3.2021744736416627e-02
2.0125000000000000e+01  4.9675844153338256e+00  -6.2344960125994975e-01  3.2074333999005361e-02
2.0375000000000004e+01  4.9899996104829896e+00  -6.2052003371479714e-01  3.2166381687557942e-02
2.0625000000000004e+01  5.0119665349707683e+00  -6.1795739928056115e-01  3.2295042394077260e-02
2.0875000000000004e+01  5.0336851119794614e+00  -6.1556394355345079e-01  3.2457389616239077e-02
2.1125000000000000e+01  5.0553204367899420e+00  -6.1317662712998589e-01  3.2650472821237522e-02
2.1375000000000004e+01  5.0770039941859846e+00  -6.1066591315206109e-01  3.2871358936510019e-02
2.1625000000000004e+01  5.0988360936890640e+00  -6.0793333757848034e-01  3.3117172545028307e-02
2.1875000000000000e+01  5.1208892000643358e+00  -6.0490818494879939e-01  3.3385131046175166e-02
2.2125000000000000e+01  5.1432113644345350e+00  -6.0154406171432973e-01  3.3672564356515992e-02
2.2375000000000000e+01  5.1658298474862416e+00  -5.9781527756498098e-01  3.3976931924686461e-02
2.2625000000000004e+01  5.1887550659755748e+00  -5.9371290571390345e-01  3.4295841432784788e-02
2.2875000000000004e+01  5.2119836965635606e+00  -5.8924168217363215e-01  3.4627050661454245e-02
2.3125000000000000e+01  5.2355018600155079e+00  -5.8441682691248431e-01  3.4968473664685182e-02
2.3375000000000000e+01  5.2592877846506330e+00  -5.7926138479314426e-01  3.5318180790086764e-02
2.3625000000000004e+01  5.2833140339664677e+00  -5.7380400186691416e-01  3.5674395708243260e-02
2.3875000000000004e+01  5.3075493425281000e+00  -5.6807709309049192e-01  3.6035490605392462e-02
2.4125000000000004e+01  5.3319603421902215e+00  -5.6211512120890372e-01  3.6399982342978858e-02
2.4375000000000000e+01  5.3565123803300088e+00  -5.5595377922042299e-01  3.6766521596238042e-02
2.4625000000000000e+01  5.3811710272468805e+00  -5.4962849035210359e-01  3.7133890501978822e-02
2.4875000000000004e+01  5.4059022497813904e+00  -5.4317423361163231e-01  3.7500989812072984e-02
2.5125000000000000e+01  5.4306733041429984e+00  -5.3662465661568781e-01  3.7866833834916257e-02
2.5375000000000000e+01  5.4554529164399064e+00  -5.3001189636777024e-01  3.8230540862854337e-02
2.5625000000000000e+01  5.4802115567848606e+00  -5.2336630789312366e-01  3.8591325596396824e-02
2.5875000000000004e+01  5.5049216671294241e+00  -5.1671623945167910e-01  3.8948491885419309e-02
2.6125000000000004e+01  5.5295576481804476e+00  -5.1008804714103961e-01  3.9301425025555885e-02
2.6375000000000004e+01  5.5540960138415159e+00  -5.0350594375057511e-01  3.9649585278929159e-02
2.6625000000000000e+01  5.5785150758479212e+00  -4.9699231350310891e-01  3.9992500681782388e-02
2.6875000000000004e+01  5.6027953726384512e+00  -4.9056728938630290e-01  4.0329761948708021e-02
2.7125000000000004e+01  5.6269189815365745e+00  -4.8424943709471613e-01  4.0661015909182696e-02
2.7375000000000000e+01  5.6508698911472077e+00  -4.7805538846152285e-01  4.0985961027277709e-02
2.7625000000000000e+01  5.6746338740616142e+00  -4.7199997010093320e-01  4.1304342126484650e-02
2.7875000000000000e+01  5.6981981026285125e+00  -4.6609658629021933e-01  4.1615946185412880e-02
2.8125000000000004e+01  5.7215511916969666e+00  -4.6035717890271455e-01  4.1920598402168142e-02
2.8375000000000004e+01  5.7446832471319382e+00  -4.5479218168433322e-01  4.2218157963221453e-02
2.8625000000000004e+01  5.7675856140667312e+00  -4.4941077164392240e-01  4.2508514796599839e-02
2.8875000000000000e+01  5.7902505217408606e+00  -4.4422122247431561e-01  4.2791587798765220e-02
2.9125000000000004e+01  5.8126717132117172e+00  -4.3923028350213977e-01  4.3067318762898307e-02
2.9375000000000004e+01  5.8348434472460058e+00  -4.3444416896893534e-01  4.3335674081733874e-02
2.9625000000000000e+01  5.8567610492132367e+00  -4.2986801474731173e-01  4.3596639439633836e-02
2.9875000000000000e+01  5.8784207787134175e+00  -4.2550601100339502e-01  4.3850217450405592e-02
3.0125000000000000e+01  5.8998194997528506e+00  -4.2136172986907949e-01  4.4096427498068191e-02
3.0375000000000004e+01  5.9209546958824744e+00  -4.1743811183984070e-01  4.4335303681892410e-02
3.0625000000000004e+01  5.9418245343914569e+00  -4.1373740365875200e-01  4.4566892097506014e-02
3.0875000000000004e+01  5.9624276957168840e+00  -4.1026132818884609e-01  4.4791250356529963e-02
3.1125000000000000e+01  5.9827634705419932e+00  -4.0701098962553584e-01  4.5008444602787696e-02
3.1375000000000004e+01  6.0028314224181658e+00  -4.0398720795289789e-01  4.5218551576309551e-02
3.1625000000000000e+01  6.0226316193209870e+00  -4.0119029111495097e-01  4.5421654472003546e-02
3.1875000000000000e+01  6.0421643932209781e+00  -3.9862027348491447e-01  4.5617844472102556e-02
3.2125000000000000e+01  6.0614305749182424e+00  -3.9627668474686928e-01  4.5807216032211662e-02
3.2375000000000000e+01  6.0804311306957892e+00  -3.9415890960246625e-01  4.5989870779006604e-02
3.2625000000000000e+01  6.0991673744737112e+00  -3.9226597894369242e-01  4.6165913212425289e-02
3.2875000000000007e+01  6.1176407463084219e+00  -3.9059678928165420e-01  4.6335453291747701e-02
3.3125000000000007e+01  6.1358530777290481e+00  -3.8914984136677688e-01  4.6498600514443385e-02
3.3375000000000000e+01  6.1538061711204897e+00  -3.8792365609682999e-01  4.6655470876062435e-02
3.3625000000000000e+01  6.1715021056726025e+00  -3.8691647295164566e-01  4.6806180189993142e-02
3.3875000000000000e+01  6.1889430797449263e+00  -3.8612640613765770e-01  4.6950846288720101e-02
3.4125000000000000e+01  6.2061314783555748e+00  -3.8555137842490916e-01  4.7089586554291733e-02
3.4375000000000000e+01  6.2230697225980665e+00  -3.8518927021805860e-01  4.7222520803630236e-02
3.4625000000000000e+01  6.2397602329160593e+00  -3.8503795618120495e-01  4.7349772249193560e-02
3.4875000000000000e+01  6.2562057207649309e+00  -3.8509501771839538e-01  4.7471458394514679e-02
3.5125000000000007e+01  6.2724088651424692e+00  -3.8535806259559768e-01  4.7587699285108587e-02
3.5375000000000007e+01  6.2883723516293752e+00  -3.8582468669933867e-01  4.7698616500876423e-02
3.5625000000000000e+01  6.3040989442784632e+00  -3.8649240336921942e-01  4.7804330374859573e-02
3.5875000000000000e+01  6.3195914596559879e+00  -3.8735866928529550e-01  4.7904960160144373e-02
3.6125000000000000e+01  6.3348528167610718e+00  -3.8842083544906592e-01  4.8000620837682480e-02
3.6375000000000000e+01  6.3498857629669070e+00  -3.8967641786527540e-01  4.8091435426444493e-02
3.6625000000000000e+01  6.3646932919289485e+00  -3.9112268533543526e-01  4.8177514703440269e-02
3.6875000000000000e+01  6.3792782119266649e+00  -3.9275708562983702e-01  4.8258978469899426e-02
3.7125000000000000e+01  6.3936434519354064e+00  -3.9457694362188755e-01  4.8335938947692961e-02
3.7375000000000007e+01  6.4077919021241438e+00  -3.9657961885565518e-01  4.8408509179861274e-02
3.7625000000000007e+01  6.4217264672097274e+00  -3.9876245304632363e-01  4.8476798949446266e-02
3.7875000000000000e+01  6.4354500024734076e+00  -4.0112283336168542e-01  4.8540920316473224e-02
3.8125000000000000e+01  6.4489653754409693e+00  -4.0365813168634634e-01  4.8600982209945430e-02
3.8375000000000000e+01  6.4622754540793492e+00  -4.0636571638999719e-01  4.8657088942182236e-02
3.8625000000000000e+01  6.4753830590503787e+00  -4.0924299955847143e-01  4.8709347588586936e-02
3.8875000000000000e+01  6.4882910029448171e+00  -4.1228739838007922e-01  4.8757862898744217e-02
3.9125000000000000e+01  6.5010020788949632e+00  -4.1549634648082190e-01  4.8802734809035853e-02
3.9375000000000000e+01  6.5135190502667175e+00  -4.1886730418650675e-01  4.8844065149365394e-02
3.9625000000000000e+01  6.5258446483504331e+00  -4.2239776088653880e-01  4.8881950832760014e-02
3.9875000000000000e+01  6.5379815843000273e+00  -4.2608522332942833e-01  4.8916490320828093e-02
4.0125000000000000e+01  6.5499325412039155e+00  -4.2992722351924462e-01  4.8947779347557140e-02
4.0375000000000000e+01  6.5617001526012482e+00  -4.3392133999098315e-01  4.8975909838393186e-02
4.0625000000000007e+01  6.5732870397459262e+00  -4.3806516109205917e-01  4.9000974685018253e-02
4.0875000000000000e+01  6.5846958071438237e+00  -4.4235628944249017e-01  4.9023065719314689e-02
4.1125000000000000e+01  6.5959289555001277e+00  -4.4679242793001039e-01  4.9042267891454300e-02
4.1375000000000000e+01  6.6069890546864984e+00  -4.5137120900778838e-01  4.9058671808732801e-02
4.1625000000000007e+01  6.6178785575538051e+00  -4.5609037855036760e-01  4.9072360765299645e-02
4.1875000000000000e+01  6.6285998963068167e+00  -4.6094770075940517e-01  4.9083417730225863e-02
4.2125000000000000e+01  6.6391555600694510e+00  -4.6594088160961578e-01  4.9091928086084979e-02
4.2375000000000000e+01  6.6495477895691568e+00  -4.7106787037089370e-01  4.9097966222717553e-02
4.2625000000000000e+01  6.6597790438918638e+00  -4.7632639874742511e-01  4.9101615740613190e-02
4.2875000000000007e+01  6.6698516013457221e+00  -4.8171437504442682e-01  4.9102952411841871e-02
4.3125000000000000e+01  6.6797676810501629e+00  -4.8722976415273944e-01  4.9102050010463208e-02
4.3375000000000000e+01  6.6895295749560075e+00  -4.9287045718046585e-01  4.9098984314005091e-02
4.3625000000000000e+01  6.6991394396242345e+00  -4.9863447714241271e-01  4.9093826357776614e-02
4.3875000000000007e+01  6.7085994703186360e+00  -5.0451980703080945e-01  4.9086647840925889e-02
4.4125000000000000e+01  6.7179118456794340e+00  -5.1052444448168011e-01  4.9077519200412173e-02
4.4375000000000000e+01  6.7270786277825385e+00  -5.1664650054233352e-01  4.9066507240029138e-02
4.4625000000000000e+01  6.7361017340181295e+00  -5.2288422751696739e-01  4.9053675090276937e-02
4.4875000000000000e+01  6.7449833982012439e+00  -5.2923556335006561e-01  4.9039092324698101e-02
4.5125000000000000e+01  6.7537255164676138e+00  -5.3569877797338927e-01  4.9022820199750794e-02
4.5375000000000000e+01  6.7623301115697050e+00  -5.4227201453917750e-01  4.9004921960328691e-02
4.5625000000000000e+01  6.7707989698244102e+00  -5.4895364825010562e-01  4.8985455610163604e-02
4.5875000000000000e+01  6.7791341416502870e+00  -5.5574179165123327e-01  4.8964483307937220e-02
4.6125000000000007e+01  6.7873374529608412e+00  -5.6263477758759839e-01  4.8942062235128647e-02
4.6374999999999993e+01  6.7954106729089077e+00  -5.6963099344912882e-01  4.8918247973098426e-02
4.6625000000000007e+01  6.8033556439302849e+00  -5.7672875261503487e-01  4.8893096530006272e-02
4.6875000000000000e+01  6.8111742041606167e+00  -5.8392637114807266e-01  4.8866662884733167e-02
4.7125000000000007e+01  6.8188680313741195e+00  -5.9122232214728054e-01  4.8838998811491750e-02
4.7375000000000000e+01  6.8264387773113322e+00  -5.9861510295888287e-01  4.8810155028838474e-02
4.7625000000000000e+01  6.8338881397434212e+00  -6.0610316391553187e-01  4.8780182108782245e-02
4.7875000000000000e+01  6.8412179241355506e+00  -6.1368484731531758e-01  4.8749131029372221e-02
4.8125000000000000e+01  6.8484296027338614e+00  -6.2135882359478467e-01  4.8717047718733704e-02
4.8375000000000007e+01  6.8555248081919089e+00  -6.2912360307374549e-01  4.8683979341910433e-02
4.8624999999999993e+01  6.8625050749923480e+00  -6.3697779175599889e-01  4.8649971074549485e-02
4.8875000000000007e+01  6.8693719669850530e+00  -6.4491996516314609e-01  4.8615067597310636e-02
4.9125000000000000e+01  6.8761270601944346e+00  -6.5294868534643502e-01  4.8579312831357496e-02
4.9375000000000007e+01  6.8827718443603638e+00  -6.6106259833561198e-01  4.8542748920259844e-02
4.9625000000000000e+01  6.8893077586805296e+00  -6.6926039880854615e-01  4.8505416701034719e-02
4.9875000000000000e+01  6.8957360925472901e+00  -6.7754092838480640e-01  4.8467354843950976e-02
5.0125000000000000e+01  6.9020585478864813e+00  -6.8590261893347337e-01  4.8428604990898669e-02
5.0375000000000000e+01  6.9082761694711037e+00  -6.9434455158282793e-01  4.8389202044078254e-02
5.0625000000000007e+01  6.9143907942786420e+00  -7.0286502174653798e-01  4.8349186972083180e-02
5.0874999999999993e+01  6.9204032291228330e+00  -7.1146334361008368e-01  4.8308591250278768e-02
5.1125000000000007e+01  6.9263151817957578e+00  -7.2013793785512314e-01  4.8267453023693535e-02
5.1375000000000000e+01  6.9321279158375502e+00  -7.2888766379526615e-01  4.8225805937067726e-02
5.1625000000000007e+01  6.9378423753478478e+00  -7.3771169595796637e-01  4.8183680596940191e-02
5.1875000000000000e+01  6.9434602097262372e+00  -7.4660850893914787e-01  4.8141112030304210e-02
5.2125000000000000e+01  6.9489825054197487e+00  -7.5557713376092162e-01  4.8098130335828451e-02
5.2375000000000000e+01  6.9544105961068450e+00  -7.6461635527411520e-01  4.8054766586819390e-02
5.2625000000000000e+01  6.9597455422674122e+00  -7.7372522783375297e-01  4.8011049267853136e-02
5.2875000000000007e+01  6.9649883446174492e+00  -7.8290286388547869e-01  4.7967005842368425e-02
5.3124999999999993e+01  6.9701404943238154e+00  -7.9214788859123564e-01  4.7922666081922687e-02
5.3375000000000007e+01  6.9752031346700187e+00  -8.0145927069701584e-01  4.7878056756657517e-02
5.3625000000000000e+01  6.9801770442163260e+00  -8.1083633940997490e-01  4.7833201857542522e-02
5.3875000000000007e+01  6.9850635317550216e+00  -8.2027789717252420e-01  4.7788127770486306e-02
5.4125000000000000e+01  6.9898637016994023e+00  -8.2978294790252916e-01  4.7742858945491490e-02
5.4375000000000000e+01  6.9945785758641454e+00  -8.3935057632299515e-01  4.7697418683662597e-02
5.4625000000000000e+01  6.9992095814258430e+00  -8.4897946401876734e-01  4.7651831635937746e-02
5.4875000000000007e+01  7.0037573532233539e+00  -8.5866907733782671e-01  4.7606117716283050e-02
5.5125000000000007e+01  7.0082227779005253e+00  -8.6841863191504931e-01  4.7560297561610065e-02
5.5374999999999993e+01  7.0126069892502345e+00  -8.7822709718248460e-01  4.7514392331417493e-02
5.5625000000000007e+01  7.0169111683458212e+00  -8.8809339458721892e-01  4.7468422664744457e-02
5.5875000000000000e+01  7.0211362709300724e+00  -8.9801666810015002e-01  4.7422407465112074e-02
5.6125000000000007e+01  7.0252830686842556e+00  -9.0799624338536633e-01  4.7376364227936549e-02
5.6375000000000000e+01  7.0293527358969348e+00  -9.1803104559443760e-01  4.7330311544838431e-02
5.6625000000000000e+01  7.0333460567599833e+00  -9.2812038606257463e-01  4.7284265715348335e-02
5.6875000000000000e+01  7.0372635776441541e+00  -9.3826381134301728e-01  4.7238241563403401e-02
5.7125000000000007e+01  7.0411071802443823e+00  -9.4845954142946409e-01  4.7192258487623151e-02
5.7375000000000007e+01  7.0448771272277408e+00  -9.5870740264299892e-01  4.7146328937540206e-02
5.7624999999999993e+01  7.0485743045406739e+00  -9.6900660171378927e-01  4.7100467248783723e-02
5.7875000000000007e+01  7.0521995514978508e+00  -9.7935639080798698e-01  4.7054687001739981e-02
5.8125000000000000e+01  7.0557536830235907e+00  -9.8975604547743634e-01  4.7009001129086264e-02
5.8375000000000000e+01  7.0592385020833470e+00  -1.0002038590020277e+00  4.6963425267976686e-02
5.8625000000000000e+01  7.0626532326674232e+00  -1.0107006854835068e+00  4.6917965859798925e-02
5.8875000000000000e+01  7.0660000312654052e+00  -1.0212444653556232e+00  4.6872638546243059e-02
5.9125000000000000e+01  7.0692792662036741e+00  -1.0318349144916659e+00  4.6827452510619740e-02
5.9375000000000007e+01  7.0724912316811359e+00  -1.0424718218228115e+00  4.6782416327383343e-02
5.9625000000000007e+01  7.0756374128518162e+00  -1.0531537921608942e+00  4.6737541662040090e-02
5.9874999999999993e+01  7.0787187103344076e+00  -1.0638800102861476e+00  4.6692837796999918e-02
6.0125000000000007e+01  7.0817356723639078e+00  -1.0746500104823862e+00  4.6648312506451274e-02
6.0375000000000000e+01  7.0846881691276389e+00  -1.0854640004301137e+00  4.6603971293038823e-02
6.0625000000000000e+01  7.0875785468498949e+00  -1.0963197259073332e+00  4.6559825933560138e-02
6.0875000000000000e+01  7.0904066666599688e+00  -1.1072174022285264e+00  4.6515880918140406e-02
6.1125000000000000e+01  7.0931732853687341e+00  -1.1181563537799115e+00  4.6472142740694361e-02
6.1375000000000000e+01  7.0958794612735083e+00  -1.1291356045102758e+00  4.6428618165689481e-02
6.1625000000000007e+01  7.0985259414324897e+00  -1.1401544871657516e+00  4.6385312679737972e-02
6.1875000000000007e+01  7.1011129293052155e+00  -1.1512128745415708e+00  4.6342230049340974e-02
6.2124999999999993e+01  7.1036422347817227e+00  -1.1623090411693564e+00  4.6299377388602916e-02
6.2375000000000007e+01  7.1061129370799572e+00  -1.1734439769808809e+00  4.6256755057795175e-02
6.2625000000000000e+01  7.1085268366656091e+00  -1.1846159647193661e+00  4.6214369268126818e-02
6.2875000000000007e+01  7.1108845664922962e+00  -1.1958244478019640e+00  4.6172223104582147e-02
6.3125000000000000e+01  7.1131865036470305e+00  -1.2070691237451094e+00  4.6130318738927215e-02
6.3374999999999993e+01  7.1154341038501911e+00  -1.2183486163309949e+00  4.6088660192469114e-02
6.3625000000000000e+01  7.1176269835842128e+00  -1.2296633789581244e+00  4.6047247316453058e-02
6.3874999999999993e+01  7.1197666186870308e+00  -1.2410120143830996e+00  4.6006083384619256e-02
6.4125000000000000e+01  7.1218535787748074e+00  -1.2523940266363685e+00  4.5965169442558108e-02
6.4375000000000000e+01  7.1238878457825487e+00  -1.2638095043257844e+00  4.5924505109175028e-02
6.4625000000000014e+01  7.1258709474905784e+00  -1.2752569969911343e+00  4.5884092573512128e-02
6.4875000000000000e+01  7.1278026156741392e+00  -1.2867368415224854e+00  4.5843930356135328e-02
6.5125000000000014e+01  7.1296839677407169e+00  -1.2982479951119590e+00  4.5804019191906138e-02
6.5375000000000000e+01  7.1315168686493315e+00  -1.3097886700854344e+00  4.5764360691173532e-02
6.5624999999999986e+01  7.1333009091097948e+00  -1.3213593427120749e+00  4.5724952201227041e-02
6.5875000000000000e+01  7.1350354071758932e+00  -1.3329607607553999e+00  4.5685790478243858e-02
6.6125000000000000e+01  7.1367222197156286e+00  -1.3445911435300610e+00  4.5646876194930096e-02
6.6375000000000000e+01  7.1383638398822766e+00  -1.3562480759171867e+00  4.5608210551473238e-02
6.6625000000000000e+01  7.1399572969163048e+00  -1.3679345844712953e+00  4.5569785928593079e-02
6.6875000000000014e+01  7.1415063124918348e+00  -1.3796470297767200e+00  4.5531604854622737e-02
6.7125000000000000e+01  7.1430101471960299e+00  -1.3913862155026520e+00  4.5493662707789977e-02
6.7375000000000014e+01  7.1444684294221137e+00  -1.4031525789964503e+00  4.5455955318667945e-02
6.7625000000000000e+01  7.1458835618544736e+00  -1.4149437933992957e+00  4.5418482248011843e-02
6.7874999999999986e+01  7.1472541233761939e+00  -1.4267613412913893e+00  4.5381237403600540e-02
6.8125000000000000e+01  7.1485837086814943e+00  -1.4386017072914425e+00  4.5344221389597497e-02
6.8375000000000000e+01  7.1498715821081555e+00  -1.4504656904964799e+00  4.5307428599072136e-02
6.8625000000000000e+01  7.1511167265741555e+00  -1.4623543706221231e+00  4.5270853004306874e-02
6.8875000000000000e+01  7.1523208327648611e+00  -1.4742661287748762e+00  4.5234491947937848e-02
6.9125000000000014e+01  7.1534846522166173e+00  -1.4862002816865569e+00  4.5198341302613257e-02
6.9375000000000000e+01  7.1546103916069352e+00  -1.4981546953410625e+00  4.5162398490611148e-02
6.9625000000000014e+01  7.1556955044132158e+00  -1.5101319735782606e+00  4.5126655009782878e-02
6.9875000000000000e+01  7.1567437580431088e+00  -1.5221284261492887e+00  4.5091109765552473e-02
7.0124999999999986e+01  7.1577524053465016e+00  -1.5341468569934089e+00  4.5055753853188260e-02
7.0375000000000000e+01  7.1587232637236493e+00  -1.5461855195073548e+00  4.5020583571584796e-02
7.0625000000000000e+01  7.1596601977414887e+00  -1.5582406253291916e+00  4.4985597161039219e-02
7.0875000000000000e+01  7.1605602400369941e+00  -1.5703151979853676e+00  4.4950785209723079e-02
7.1125000000000000e+01  7.1614237943786279e+00  -1.5824088998335388e+00  4.4916141981646361e-02
7.1375000000000014e+01  7.1622523551132860e+00  -1.5945203055070083e+00  4.4881662742714025e-02
7.1625000000000000e+01  7.1630462509502459e+00  -1.6066491518881540e+00  4.4847341402552594e-02
7.1875000000000014e+01  7.1638079899123861e+00  -1.6187930021042072e+00  4.4813173904000268e-02
7.2125000000000000e+01  7.1645339313797116e+00  -1.6309555519343171e+00  4.4779150079817455e-02
7.2374999999999986e+01  7.1652303563420023e+00  -1.6431306007983739e+00  4.4745269254628996e-02
7.2625000000000000e+01  7.1658933425734022e+00  -1.6553221254510788e+00  4.4711520905660107e-02
7.2875000000000000e+01  7.1665251769096967e+00  -1.6675279090881738e+00  4.4677900328914028e-02
7.3125000000000000e+01  7.1671249461982276e+00  -1.6797489270940740e+00  4.4644399820181813e-02
7.3375000000000000e+01  7.1676941929559996e+00  -1.6919837049424791e+00  4.4611013819937803e-02
7.3625000000000014e+01  7.1682353611234388e+00  -1.7042298683914994e+00  4.4577737389694387e-02
7.3875000000000000e+01  7.1687460660011268e+00  -1.7164898610336792e+00  4.4544561444943280e-02
7.4125000000000014e+01  7.1692290564791845e+00  -1.7287610041796300e+00  4.4511481191824083e-02
7.4375000000000000e+01  7.1696815316378002e+00  -1.7410461570833782e+00  4.4478487272648214e-02
7.4625000000000000e+01  7.1701089747812761e+00  -1.7533399119598201e+00  4.4445576908707145e-02
7.4875000000000000e+01  7.1705079107138685e+00  -1.7656458010207030e+00  4.4412740206410839e-02
7.5125000000000000e+01  7.1708830386189488e+00  -1.7779591984173833e+00  4.4379973555938139e-02
7.5375000000000000e+01  7.1712299056266318e+00  -1.7902846124953260e+00  4.4347266447667719e-02
7.5625000000000000e+01  7.1715523942768380e+00  -1.8026182322142426e+00  4.4314614575673421e-02
7.5875000000000014e+01  7.1718483021218988e+00  -1.8149623200911553e+00  4.4282009211032557e-02
7.6125000000000000e+01  7.1721223101332523e+00  -1.8273122675685398e+00  4.4249446448793396e-02
7.6375000000000014e+01  7.1723722116969801e+00  -1.8396703413086750e+00  4.4216917585657510e-02
7.6625000000000000e+01  7.1725993857952295e+00  -1.8520352287101183e+00  4.4184416415353318e-02
7.6875000000000000e+01  7.1728023890071402e+00  -1.8644084348813057e+00  4.4151934917532228e-02
7.7125000000000000e+01  7.1729831063975098e+00  -1.8767881419221402e+00  4.4119467257242688e-02
7.7375000000000000e+01  7.1731437252663630e+00  -1.8891722299026013e+00  4.4087007736873400e-02
7.7625000000000000e+01  7.1732831601186167e+00  -1.9015618465405097e+00  4.4054548660751425e-02
7.7875000000000000e+01  7.1734025150360079e+00  -1.9139559533644286e+00  4.4022083731439635e-02
7.8125000000000014e+01  7.1734974623181014e+00  -1.9263589359259083e+00  4.3989603582410657e-02
7.8375000000000000e+01  7.1735790264368466e+00  -1.9387598492736577e+00  4.3957107623612102e-02
7.8625000000000014e+01  7.1736429836774303e+00  -1.9511629747731347e+00  4.3924586550792538e-02
7.8875000000000000e+01  7.1736850196410735e+00  -1.9635726850272301e+00  4.3892031307412642e-02
7.9125000000000000e+01  7.1737094389989169e+00  -1.9759847450561936e+00  4.3859437567067762e-02
7.9375000000000000e+01  7.1737170523358236e+00  -1.9883984091119624e+00  4.3826799121724234e-02
7.9750000000000000e+01  7.1737002906926532e+00  -2.0070187265577566e+00  4.3777744936889913e-02
8.0125000000000000e+01  7.1736423189691729e+00  -2.0256464043826621e+00  4.3728552003927064e-02
8.0500000000000000e+01  7.1735570657129513e+00  -2.0442677449738862e+00  4.3679205531405342e-02
8.0875000000000000e+01  7.1734395011329841e+00  -2.0628879869832186e+00  4.3629682059966542e-02
8.1250000000000000e+01  7.1732864957907063e+00  -2.0815104715724830e+00  4.3579959793045381e-02
8.1625000000000000e+01  7.1731116075411050e+00  -2.1001218687957319e+00  4.3530024393239795e-02
8.2000000000000000e+01  7.1729068030779111e+00  -2.1187304181461428e+00  4.3479852873037350e-02
8.2375000000000000e+01  7.1726779971143388e+00  -2.1373304243047437e+00  4.3429428507738031e-02
8.2750000000000000e+01  7.1724329294590854e+00  -2.1559143672579202e+00  4.3378735464549595e-02
8.3125000000000000e+01  7.1721568873619646e+00  -2.1744971608172063e+00  4.3327750355715414e-02
8.3500000000000000e+01  7.1718716473154895e+00  -2.1930572585174897e+00  4.3276463270947640e-02
8.3875000000000000e+01  7.1715616837377976e+00  -2.2116103863791370e+00  4.3224851931437117e-02
8.4250000000000000e+01  7.1712400090133039e+00  -2.2301437534414141e+00  4.3172904178562344e-02
8.4625000000000000e+01  7.1709068264321694e+00  -2.2486573676290407e+00  4.3120604088800647e-02
8.5000000000000000e+01  7.1705654735783790e+00  -2.2671481041269588e+00  4.3067937266862595e-02
8.5375000000000000e+01  7.1702053987932937e+00  -2.2856267186934502e+00  4.3014886116481507e-02
8.5750000000000000e+01  7.1698350473480836e+00  -2.3040849812599453e+00  4.2961439033268448e-02
8.6125000000000000e+01  7.1694675271317374e+00  -2.3225100000103938e+00  4.2907585799165072e-02
8.6500000000000000e+01  7.1690890192178172e+00  -2.3409157950507691e+00  4.2853310053864530e-02
8.6875000000000000e+01  7.1687179695383785e+00  -2.3592841372602917e+00  4.2798603824584024e-02
8.7250000000000000e+01  7.1683410711219837e+00  -2.3776285343527928e+00  4.2743452367438838e-02
8.7625000000000000e+01  7.1679702948749684e+00  -2.3959372271031127e+00  4.2687847205919074e-02
8.8000000000000000e+01  7.1676069383649486e+00  -2.4142091237775918e+00  4.2631778030272120e-02
8.8375000000000000e+01  7.1672326621173781e+00  -2.4324627619653740e+00  4.2575231643346569e-02
8.8750000000000000e+01  7.1668748461654559e+00  -2.4506709758674385e+00  4.2518203972859839e-02
8.9125000000000000e+01  7.1665423789013456e+00  -2.4688250824192775e+00  4.2460687610165457e-02
8.9500000000000000e+01  7.1661802002941091e+00  -2.4869803269479580e+00  4.2402665824711493e-02
8.9875000000000000e+01  7.1658720886374487e+00  -2.5050531576540283e+00  4.2344144298761877e-02
9.0250000000000000e+01  7.1655662742698398e+00  -2.5230955291760013e+00  4.2285108279632458e-02
9.0625000000000000e+01  7.1652726186195270e+00  -2.5410977825337344e+00  4.2225553185238573e-02
9.1000000000000000e+01  7.1650062098954042e+00  -2.5590450314751370e+00  4.2165475376684858e-02
9.1375000000000000e+01  7.1647668745788238e+00  -2.5769376464500517e+00  4.2104869684876478e-02
9.1750000000000000e+01  7.1645578992005223e+00  -2.5947725375869899e+00  4.2043731952319134e-02
9.2125000000000000e+01  7.1643773379413789e+00  -2.6125518452930168e+00  4.1982058050342906e-02
9.2500000000000000e+01  7.1642183346843122e+00  -2.6302826186016040e+00  4.1919844085041104e-02
9.2875000000000000e+01  7.1640915207910396e+00  -2.6479544209301702e+00  4.1857088410424056e-02
9.3249999999999986e+01  7.1639733748540140e+00  -2.6655909622586149e+00  4.1793787055144284e-02
9.3625000000000000e+01  7.1639297285620804e+00  -2.6831266103884768e+00  4.1729943594630239e-02
9.4000000000000000e+01  7.1638977029161879e+00  -2.7006244253694613e+00  4.1665552161353148e-02
9.4374999999999986e+01  7.1639341719771483e+00  -2.7180277278805662e+00  4.1600616127986316e-02
9.4750000000000000e+01  7.1639829193032609e+00  -2.7353929152858121e+00  4.1535131942768380e-02
9.5125000000000000e+01  7.1640995403382384e+00  -2.7526645832188072e+00  4.1469103394157263e-02
9.5499999999999986e+01  7.1642770714925019e+00  -2.7698498785091443e+00  4.1402530858104934e-02
9.5875000000000000e+01  7.1644888318703064e+00  -2.7869756630393807e+00  4.1335414563333880e-02
9.6250000000000000e+01  7.1647596687697055e+00  -2.8040172730993906e+00  4.1267757646796674e-02
9.6624999999999986e+01  7.1650673281256347e+00  -2.8209971418735496e+00  4.1199561745693378e-02
9.7000000000000000e+01  7.1654559692929585e+00  -2.8378712914590705e+00  4.1130831303612718e-02
9.7375000000000000e+01  7.1659146734744823e+00  -2.8546508175035270e+00  4.1061569150844489e-02
9.7749999999999986e+01  7.1664813226405206e+00  -2.8712980155475156e+00  4.0991779878895074e-02
9.8125000000000000e+01  7.1670446680832853e+00  -2.8879243052897379e+00  4.0921465081173600e-02
9.8500000000000000e+01  7.1678337713639237e+00  -2.9043008055698660e+00  4.0850633988487026e-02
9.8874999999999986e+01  7.1684726560321241e+00  -2.9208036549817309e+00  4.0779284853734707e-02
9.9250000000000000e+01  7.1694918285674714e+00  -2.9369025298623024e+00  4.0707431370057626e-02
9.9625000000000000e+01  7.1701969579938076e+00  -2.9532919172139653e+00  4.0635070126975356e-02
1.0000000000000000e+02  7.1714049174894665e+00  -2.9691551250246588e+00  4.0562216588907782e-02
1.0037500000000000e+02  7.1723219809273759e+00  -2.9852860350351400e+00  4.0488869609528577e-02
1.0075000000000000e+02  7.1735139233837222e+00  -3.0011190438964079e+00  4.0415040849185978e-02
1.0112500000000000e+02  7.1749050492372595e+00  -3.0167300091845153e+00  4.0340736351795643e-02
1.0150000000000000e+02  7.1769068954794077e+00  -3.0317075570243412e+00  4.0265964428384399e-02
1.0187500000000000e+02  7.1787011320803504e+00  -3.0468701741423150e+00  4.0190729895049113e-02
1.0225000000000000e+02  7.1809487281636164e+00  -3.0615570529824447e+00  4.0115042632061886e-02
1.0262500000000000e+02  7.1831656162970114e+00  -3.0762524176587567e+00  4.0038910225755467e-02
1.0300000000000000e+02  7.1841674012670991e+00  -3.0921408197651985e+00  3.9962341429207467e-02
1.0337500000000000e+02  7.2219148315442601e+00  -3.0712616697940200e+00  3.9885348046144610e-02
1.0375000000000000e+02  1.1935532719101495e+01  1.6255098574320872e+00  3.9807934704639877e-02
1.0412500000000000e+02  7.1753247842564312e+00  -3.1515231499572725e+00  3.9730111249497740e-02
1.0450000000000000e+02  7.1728736756095470e+00  -3.1707777207287058e+00  3.9651891725661914e-02
1.0487500000000000e+02  7.1601854952296531e+00  -3.2002480520913226e+00  3.9573278808539378e-02
1.0525000000000000e+02  7.1538769620538227e+00  -3.2233175822886264e+00  3.9494290428969972e-02
1.0562500000000000e+02  7.1461680200169555e+00  -3.2477665081254505e+00  3.9414932455065277e-02
1.0600000000000000e+02  7.1368708292223237e+00  -3.2737828108356664e+00  3.9335212325721562e-02
1.0637500000000001e+02  7.1290250259201926e+00  -3.2983270062415500e+00  3.9255148471548311e-02
1.0675000000000000e+02  7.1194775700746442e+00  -3.3245522640756908e+00  3.9174740943998657e-02
1.0712500000000000e+02  7.1101609327249022e+00  -3.3505262611583762e+00  3.9094007337318444e-02
1.0750000000000001e+02  7.1007731817099193e+00  -3.3765510675768722e+00  3.9012957858838009e-02
1.0787500000000000e+02  7.0910320764896593e+00  -3.4029090591338993e+00  3.8931601634572835e-02
1.0825000000000000e+02  7.0813700997054951e+00  -3.4291678933321803e+00  3.8849953847745859e-02
1.0862500000000001e+02  7.0711681421982151e+00  -3.4559468076161899e+00  3.8768019826935174e-02
1.0900000000000000e+02  7.0608781551190427e+00  -3.4827939890379294e+00  3.8685815878089204e-02
1.0937500000000000e+02  7.0502523100054315e+00  -3.5099573948415204e+00  3.8603350610983266e-02
1.0974999999999999e+02  7.0392607227759241e+00  -3.5374670387730855e+00  3.8520634869129045e-02
1.1012500000000000e+02  7.0279568076312593e+00  -3.5652696363890275e+00  3.8437681064053611e-02
1.1050000000000000e+02  7.0163379774132038e+00  -3.5933679025406500e+00  3.8354500993167645e-02
1.1087500000000001e+02  7.0044441470673844e+00  -3.6217220496571949e+00  3.8271107655452143e-02
1.1125000000000000e+02  6.9921419772503137e+00  -3.6504655393604875e+00  3.8187510073952054e-02
1.1162500000000000e+02  6.9794379954357089e+00  -3.6795919679306763e+00  3.8103720280521836e-02
1.1199999999999999e+02  6.9663376654167095e+00  -3.7090959941458177e+00  3.8019750538129060e-02
1.1237500000000000e+02  6.9528087915624868e+00  -3.7390099339863916e+00  3.7935612132186797e-02
1.1275000000000000e+02  6.9388191017341372e+00  -3.7693661785696109e+00  3.7851316263718057e-02
1.1312500000000001e+02  6.9243897192490538e+00  -3.8001437238987168e+00  3.7766876102892130e-02
1.1350000000000000e+02  6.9094623611579795e+00  -3.8314009685982380e+00  3.7682302028353085e-02
1.1387500000000000e+02  6.8940043647481106e+00  -3.8631706904709109e+00  3.7597605191442000e-02
1.1424999999999999e+02  6.8780258494395978e+00  -3.8954428854160397e+00  3.7512798630128401e-02
1.1462500000000000e+02  6.8615019811080531e+00  -3.9282425005184112e+00  3.7427894042591212e-02
1.1500000000000000e+02  6.8443332822299814e+00  -3.9616691221469225e+00  3.7342899238891891e-02
1.1537500000000001e+02  6.8265899879787533e+00  -3.9956526290863006e+00  3.7257830450337669e-02
1.1575000000000000e+02  6.8081577039303580e+00  -4.0303075214194539e+00  3.7172694297158020e-02
1.1612500000000000e+02  6.7890499617428919e+00  -4.0656203768473764e+00  3.7087504036667690e-02
1.1649999999999999e+02  6.7692403497077622e+00  -4.1016177136534662e+00  3.7002270719886501e-02
1.1687500000000000e+02  6.7487265803565997e+00  -4.1383019256689701e+00  3.6917006834454744e-02
1.1725000000000000e+02  6.7274976552961272e+00  -4.1756841160631710e+00  3.6831724321903132e-02
1.1762500000000001e+02  6.7054636616484844e+00  -4.2138542976337998e+00  3.6746429162132957e-02
1.1800000000000000e+02  6.6826718428346883e+00  -4.2527653316789795e+00  3.6661136661843549e-02
1.1837500000000000e+02  6.6590637612115495e+00  -4.2924757544393355e+00  3.6575853993503882e-02
1.1874999999999999e+02  6.6346739774168162e+00  -4.3329511068041784e+00  3.6490595066083403e-02
1.1912500000000000e+02  6.6094857200116088e+00  -4.3742082579515102e+00  3.6405369215166239e-02
1.1950000000000000e+02  6.5834958811121416e+00  -4.4162504126772788e+00  3.6320186061347209e-02
1.1987500000000001e+02  6.5567195864107921e+00  -4.4590625415951255e+00  3.6235056007035547e-02
1.2025000000000000e+02  6.5291881618037495e+00  -4.5026134144107974e+00  3.6149990183291771e-02
1.2062500000000000e+02  6.5009158691839408e+00  -4.5468888624186690e+00  3.6064996870691528e-02
1.2099999999999999e+02  6.4719630045826939e+00  -4.5918286835421913e+00  3.5980088124006937e-02
1.2137500000000000e+02  6.4423702482770677e+00  -4.6373922888744072e+00  3.5895272642310863e-02
1.2175000000000000e+02  6.4121897516470563e+00  -4.6835276173915226e+00  3.5810558864939848e-02
1.2212500000000001e+02  6.3814900974090341e+00  -4.7301661760190417e+00  3.5725955701641589e-02
1.2250000000000000e+02  6.3503747350104431e+00  -4.7772046053443784e+00  3.5641475852287996e-02
1.2287500000000000e+02  6.3189192576911521e+00  -4.8245673991928344e+00  3.5557126819071895e-02
1.2324999999999999e+02  6.2872223048064431e+00  -4.8721560051685158e+00  3.5472918437770277e-02
1.2362500000000000e+02  6.2553652408328020e+00  -4.9198891434602379e+00  3.5388856019613266e-02
1.2400000000000000e+02  6.2234672927184507e+00  -4.9676476728333441e+00  3.5304951360992702e-02
1.2437500000000001e+02  6.1916335052645453e+00  -5.0153266323908658e+00  3.5221213758401287e-02
1.2475000000000000e+02  6.1599539853754193e+00  -5.0628359973209527e+00  3.5137648573783639e-02
1.2512500000000000e+02  6.1285330327855743e+00  -5.1100715501274268e+00  3.5054265406386169e-02
1.2549999999999999e+02  6.0974657368011904e+00  -5.1569382825977659e+00  3.4971073247762524e-02
1.2587500000000000e+02  6.0668360158166594e+00  -5.2033523562441797e+00  3.4888079643149071e-02
1.2625000000000000e+02  6.0367172275572694e+00  -5.2492404921682132e+00  3.4805289918120298e-02
1.2662500000000001e+02  6.0071841048306167e+00  -5.2945280362668399e+00  3.4722716529672570e-02
1.2700000000000000e+02  5.9782879598644998e+00  -5.3391637531431995e+00  3.4640361437462387e-02
1.2737500000000000e+02  5.9500797877111449e+00  -5.3830967244271388e+00  3.4558235121689485e-02
1.2774999999999999e+02  5.9225964004633758e+00  -5.4262902135261548e+00  3.4476344151503663e-02
1.2812500000000000e+02  5.8958657372702516e+00  -5.4687163559876879e+00  3.4394694996068231e-02
1.2850000000000000e+02  5.8699067689054090e+00  -5.5103562548871352e+00  3.4313294605414907e-02
1.2887500000000000e+02  5.8447317964217378e+00  -5.5511976823295663e+00  3.4232148255202217e-02
1.2925000000000000e+02  5.8203398208745787e+00  -5.5912417090131541e+00  3.4151266080044325e-02
1.2962500000000000e+02  5.7967323685485770e+00  -5.6304868804499053e+00  3.4070650599177577e-02
1.3000000000000000e+02  5.7739019962671270e+00  -5.6689407105001113e+00  3.3990307906261494e-02
1.3037500000000000e+02  5.7518307985311985e+00  -5.7066211738953978e+00  3.3910246478794259e-02
1.3075000000000000e+02  5.7305051244618053e+00  -5.7435419908192067e+00  3.3830470422697580e-02
1.3112500000000000e+02  5.7099066788481787e+00  -5.7797215248615412e+00  3.3750984854391264e-02
1.3150000000000000e+02  5.6900120989258971e+00  -5.8151832060645923e+00  3.3671795812166595e-02
1.3187500000000000e+02  5.6707989673981753e+00  -5.8499495185718002e+00  3.3592908145287217e-02
1.3225000000000000e+02  5.6522395438377258e+00  -5.8840482683428368e+00  3.3514327911195352e-02
1.3262500000000000e+02  5.6343120400693198e+00  -5.9175013092629083e+00  3.3436058853176860e-02
1.3300000000000000e+02  5.6169907619121036e+00  -5.9503344000305081e+00  3.3358105772452740e-02
1.3337500000000000e+02  5.6002423404914419e+00  -5.9825809720805321e+00  3.3280475355577391e-02
1.3375000000000000e+02  5.5840541785807325e+00  -6.0142536877517419e+00  3.3203168486825307e-02
1.3412500000000000e+02  5.5683940026998542e+00  -6.0453848817558313e+00  3.3126191427735208e-02
1.3450000000000000e+02  5.5532404615343394e+00  -6.0759959676397273e+00  3.3049547507356551e-02
1.3487500000000000e+02  5.5385637894701025e+00  -6.1061167709197370e+00  3.2973242135053045e-02
1.3525000000000000e+02  5.5243476584473896e+00  -6.1357636812154741e+00  3.2897277509930177e-02
1.3562500000000000e+02  5.5105674136825877e+00  -6.1649614125166190e+00  3.2821657890021248e-02
1.3600000000000000e+02  5.4972047391392271e+00  -6.1937283405016661e+00  3.2746386138435495e-02
1.3637500000000000e+02  5.4842359412916064e+00  -6.2220882163857816e+00  3.2671466352006705e-02
1.3675000000000000e+02  5.4716399995942933e+00  -6.2500621180585059e+00  3.2596902045614336e-02
1.3712500000000000e+02  5.4594023537248910e+00  -6.2776646638411844e+00  3.2522695436581574e-02
1.3750000000000000e+02  5.4475048976400879e+00  -6.3049140161807085e+00  3.2448849546847763e-02
1.3787500000000000e+02  5.4359321914733210e+00  -6.3318256711859560e+00  3.2375366895012352e-02
1.3825000000000000e+02  5.4246652082463029e+00  -6.3584187103229475e+00  3.2302250715245846e-02
1.3862500000000000e+02  5.4136918949010058e+00  -6.3847052421428909e+00  3.2229502913234648e-02
1.3900000000000000e+02  5.4029947118288231e+00  -6.4107028594589046e+00  3.2157126433518674e-02
1.3937500000000000e+02  5.3925636115648246e+00  -6.4364216642506964e+00  3.2085122845117324e-02
1.3975000000000000e+02  5.3823860854315884e+00  -6.4618742182921629e+00  3.2013494182460286e-02
1.4012500000000000e+02  5.3724484161346560e+00  -6.4870742908127053e+00  3.1942242672166429e-02
1.4050000000000000e+02  5.3627405275141315e+00  -6.5120320102770766e+00  3.1871369889408953e-02
1.4087499999999997e+02  5.3532528668776687e+00  -6.5367569811605506e+00  3.1800877317403782e-02
1.4125000000000000e+02  5.3439757762142515e+00  -6.5612589125290990e+00  3.1730766439599441e-02
1.4162500000000000e+02  5.3348906184086156e+00  -6.5855564885594715e+00  3.1661040080206995e-02
1.4200000000000000e+02  5.3259964934730553e+00  -6.6096506618592867e+00  3.1591698238682589e-02
1.4237500000000000e+02  5.3172892100502285e+00  -6.6335456747975146e+00  3.1522741467628887e-02
1.4275000000000000e+02  5.3087498289142205e+00  -6.6572605112072605e+00  3.1454172422477618e-02
1.4312499999999997e+02  5.3003784692719540e+00  -6.6807951031678545e+00  3.1385990915583840e-02
1.4350000000000000e+02  5.2921634294372257e+00  -6.7041611983263660e+00  3.1318198401494655e-02
1.4387500000000000e+02  5.2840985622796524e+00  -6.7273649913308997e+00  3.1250795485547676e-02
1.4425000000000000e+02  5.2761836059582903e+00  -6.7504067935904990e+00  3.1183781977590877e-02
1.4462500000000000e+02  5.2684056372796650e+00  -6.7732995716693836e+00  3.1117159268646048e-02
1.4500000000000000e+02  5.2607588309973394e+00  -6.7960491966008751e+00  3.1050927740813784e-02
1.4537499999999997e+02  5.2532392591352997e+00  -6.8186596424730856e+00  3.0985087487836054e-02
1.4575000000000000e+02  5.2458475011544028e+00  -6.8411303776963353e+00  3.0919638066624948e-02
1.4612500000000000e+02  5.2385681048556725e+00  -6.8634768937518800e+00  3.0854580760973006e-02
1.4650000000000000e+02  5.2314026418503925e+00  -6.8856976662284533e+00  3.0789914875867994e-02
1.4687500000000000e+02  5.2243479318607857e+00  -6.9077959197870733e+00  3.0725640214798958e-02
1.4725000000000000e+02  5.2173920766642441e+00  -6.9297835916533437e+00  3.0661757350784642e-02
1.4762499999999997e+02  5.2105385998969158e+00  -6.9516572050947865e+00  3.0598265276225296e-02
1.4800000000000000e+02  5.2037837562094076e+00  -6.9734205479695532e+00  3.0535163661817522e-02
1.4837500000000000e+02  5.1971244555552971e+00  -6.9950767527096538e+00  3.0472452057991255e-02
1.4875000000000000e+02  5.1905486844574256e+00  -7.0166378691600784e+00  3.0410130635292732e-02
1.4912500000000000e+02  5.1840598097190327e+00  -7.0381005756382580e+00  3.0348198240702017e-02
1.4950000000000000e+02  5.1776561518209121e+00  -7.0594665934041831e+00  3.0286654109667965e-02
1.4987499999999997e+02  5.1713297374872003e+00  -7.0807439328821689e+00  3.0225497830850743e-02
1.5025000000000000e+02  5.1650825741580428e+00  -7.1019306297929532e+00  3.0164728258060537e-02
1.5062500000000000e+02  5.1589093953581573e+00  -7.1230319885337892e+00  3.0104344653834970e-02
1.5100000000000000e+02  5.1528098816770918e+00  -7.1440483693420154e+00  3.0044345928731311e-02
1.5137500000000000e+02  5.1467766449905668e+00  -7.1649871956948212e+00  2.9984731283158348e-02
1.5175000000000000e+02  5.1408128451134152e+00  -7.1858453502407933e+00  2.9925499347319012e-02
1.5212499999999997e+02  5.1349131828872698e+00  -7.2066281680654303e+00  2.9866649085685208e-02
1.5250000000000000e+02  5.1290771353144207e+00  -7.2273362111867598e+00  2.9808179201840274e-02
1.5287500000000000e+02  5.1232978153070921e+00  -7.2479764003226359e+00  2.9750088528588479e-02
1.5325000000000000e+02  5.1175866276364461e+00  -7.2685373784746403e+00  2.9692375387583767e-02
1.5362500000000000e+02  5.1119236959846939e+00  -7.2890390442421307e+00  2.9635038762430517e-02
1.5400000000000000e+02  5.1063186583546161e+00  -7.3094718052982603e+00  2.9578076942714214e-02
1.5437499999999997e+02  5.1007693789858761e+00  -7.3298378332800507e+00  2.9521488444766923e-02
1.5475000000000000e+02  5.0952716068109183e+00  -7.3501414128480214e+00  2.9465271721603573e-02
1.5512500000000000e+02  5.0898225222482711e+00  -7.3703853978968930e+00  2.9409425130548204e-02
1.5550000000000000e+02  5.0844236796564548e+00  -7.3905682719375410e+00  2.9353947000633401e-02
1.5587500000000000e+02  5.0790718954620599e+00  -7.4106932518194437e+00  2.9298835598546166e-02
1.5625000000000000e+02  5.0737687189349812e+00  -7.4307588255796553e+00  2.9244089210104997e-02
1.5662499999999997e+02  5.0685072814972516e+00  -7.4507718907712341e+00  2.9189705906209843e-02
1.5700000000000000e+02  5.0632937752404859e+00  -7.4707262964589445e+00  2.9135684024543664e-02
1.5737500000000000e+02  5.0581181550548289e+00  -7.4906321127277247e+00  2.9082021396535176e-02
1.5775000000000000e+02  5.0529878087338327e+00  -7.5104819936820162e+00  2.9028716384287914e-02
1.5812500000000000e+02  5.0478941111928943e+00  -7.5302845898470494e+00  2.8975766706387868e-02
1.5850000000000000e+02  5.0428407328824649e+00  -7.5500362684236757e+00  2.8923170550954076e-02
1.5887499999999997e+02  5.0378280341452752e+00  -7.5697367031627811e+00  2.8870925973369661e-02
1.5925000000000000e+02  5.0328504377827628e+00  -7.5893914985940123e+00  2.8819030631170996e-02
1.5962500000000000e+02  5.0279134882304275e+00  -7.6089951494353638e+00  2.8767482841336900e-02
1.6000000000000000e+02  5.0230070193738827e+00  -7.6285578432033798e+00  2.8716279818017162e-02
1.6037500000000000e+02  5.0181369620938296e+00  -7.6480736880987861e+00  2.8665419869716314e-02
1.6075000000000000e+02  5.0133017932931354e+00  -7.6675442377281779e+00  2.8614900766352289e-02
1.6112499999999997e+02  5.0084992687034688e+00  -7.6869717656549836e+00  2.8564720164613439e-02
1.6150000000000000e+02  5.0037260759045461e+00  -7.7063596118927800e+00  2.8514875551834466e-02
1.6187500000000000e+02  4.9989864573523182e+00  -7.7257035704632155e+00  2.8465365130693383e-02
1.6225000000000000e+02  4.9942811837929373e+00  -7.7450029028425549e+00  2.8416186804125356e-02
1.6262500000000000e+02  4.9896010701897815e+00  -7.7642668133825428e+00  2.8367337313565631e-02
1.6300000000000000e+02  4.9849536106918055e+00  -7.7834878479946470e+00  2.8318815238812203e-02
1.6337499999999997e+02  4.9803348454282625e+00  -7.8026699918728211e+00  2.8270617844817388e-02
1.6375000000000000e+02  4.9757430776832212e+00  -7.8218149695576287e+00  2.8222742604061515e-02
1.6412500000000000e+02  4.9711795047144021e+00  -7.8409216152141212e+00  2.8175187351246533e-02
1.6450000000000000e+02  4.9666435110434959e+00  -7.8599905731337154e+00  2.8127949676508775e-02
1.6487500000000000e+02  4.9621313265139824e+00  -7.8790256376000052e+00  2.8081026668867200e-02
1.6525000000000000e+02  4.9576483500516106e+00  -7.8980214463630132e+00  2.8034416781059824e-02
1.6562499999999997e+02  4.9531918538562270e+00  -7.9169807524107014e+00  2.7988117249315842e-02
1.6600000000000000e+02  4.9487571157437360e+00  -7.9359082997607979e+00  2.7942124902232166e-02
1.6637500000000000e+02  4.9443508029991312e+00  -7.9547974593187281e+00  2.7896438467071159e-02
1.6675000000000000e+02  4.9399661708082920e+00  -7.9736549942264245e+00  2.7851054375981087e-02
1.6712500000000000e+02  4.9356060754330056e+00  -7.9924780804752409e+00  2.7805970712308017e-02
1.6750000000000000e+02  4.9312679420186125e+00  -8.0112693168122693e+00  2.7761184567741428e-02
1.6787499999999997e+02  4.9269522440200673e+00  -8.0300282580603604e+00  2.7716693584978379e-02
1.6825000000000000e+02  4.9226604225883808e+00  -8.0487534927501159e+00  2.7672495618428224e-02
1.6862500000000000e+02  4.9183909275315010e+00  -8.0674465958670947e+00  2.7628587921169231e-02
1.6900000000000000e+02  6.0415277308739155e+00  -6.9884401878011619e+00  2.7584967860414727e-02
1.6937500000000000e+02  6.0380457481119576e+00  -7.0064752894087521e+00  2.7541632860962454e-02
1.6975000000000000e+02  6.0345548242426643e+00  -7.0245077504380129e+00  2.7498580486664922e-02
1.7012499999999997e+02  6.0310551707616273e+00  -7.0425373961233850e+00  2.7455808229968324e-02
1.7050000000000000e+02  6.0275466812346545e+00  -7.0605643689350615e+00  2.7413313657947788e-02
1.7087500000000000e+02  6.0240333442512766e+00  -7.0785847233167285e+00  2.7371093325518028e-02
1.7125000000000000e+02  6.0205078126297122e+00  -7.0966058296168608e+00  2.7329146585383941e-02
1.7162500000000000e+02  6.0169781329198244e+00  -7.1146196912372179e+00  2.7287468955992038e-02
1.7200000000000000e+02  6.0134392073018725e+00  -7.1326314326547466e+00  2.7246059275275535e-02
1.7237499999999997e+02  6.0098974029399264e+00  -7.1506347338202989e+00  2.7204913381625832e-02
1.7275000000000000e+02  6.0063458506298728e+00  -7.1686364868545907e+00  2.7164030657593218e-02
1.7312500000000000e+02  6.0027890429686490e+00  -7.1866322426902496e+00  2.7123407420870251e-02
1.7350000000000000e+02  5.9992250599360117e+00  -7.2046239529191389e+00  2.7083041753913635e-02
1.7387500000000000e+02  5.9956565084988789e+00  -7.2226090505380673e+00  2.7042930448524259e-02
1.7424999999999997e+02  5.9920841586895595e+00  -7.2405868019865016e+00  2.7003070799000134e-02
1.7462500000000000e+02  5.9885058190131275e+00  -7.2585594293062439e+00  2.6963461003358391e-02
1.7500000000000000e+02  5.9849202350950330e+00  -7.2765282189344278e+00  2.6924099025439633e-02
1.7537500000000000e+02  5.9813331745552567e+00  -7.2944874492264864e+00  2.6884980618141072e-02
1.7575000000000000e+02  5.9777413005105826e+00  -7.3124404848283557e+00  2.6846104378180795e-02
1.7612500000000000e+02  5.9741422246388289e+00  -7.3303897433287570e+00  2.6807468675800420e-02
1.7649999999999997e+02  5.9705410512051653e+00  -7.3483301649991475e+00  2.6769069414614325e-02
1.7687500000000000e+02  5.9669362331094993e+00  -7.3662633277602012e+00  2.6730904676377131e-02
1.7725000000000000e+02  5.9633279581159977e+00  -7.3841890780754476e+00  2.6692971983085571e-02
1.7762500000000000e+02  5.9597155720196442e+00  -7.4021081024324706e+00  2.6655269162888871e-02
1.7800000000000000e+02  5.9560989976478682e+00  -7.4200205113322006e+00  2.6617793861955490e-02
1.7837500000000000e+02  5.9524798290728178e+00  -7.4379247475612882e+00  2.6580543126580685e-02
1.7874999999999997e+02  5.9488599012417973e+00  -7.4558190135622997e+00  2.6543513888108921e-02
1.7912500000000000e+02  5.9452325130893255e+00  -7.4737100286186768e+00  2.6506706280226722e-02
1.7950000000000000e+02  5.9416058401164724e+00  -7.4915896684833045e+00  2.6470114885143510e-02
1.7987500000000000e+02  5.9379751351227057e+00  -7.5094627025509713e+00  2.6433739150859292e-02
1.8025000000000000e+02  5.9343430409359570e+00  -7.5273265267485847e+00  2.6397575722974499e-02
1.8062500000000000e+02  5.9307086582681974e+00  -7.5451820709129320e+00  2.6361622621599811e-02
1.8099999999999997e+02  5.9270721776762150e+00  -7.5630291773873353e+00  2.6325877457344202e-02
1.8137500000000000e+02  5.9234343194292114e+00  -7.5808671599448463e+00  2.6290337631919309e-02
1.8175000000000000e+02  5.9197947360924337e+00  -7.5986963974043071e+00  2.6255000991257042e-02
1.8212500000000000e+02  5.9161523046203328e+00  -7.6165180421274732e+00  2.6219865731795907e-02
1.8250000000000000e+02  5.9125080144414479e+00  -7.6343311389514259e+00  2.6184929182656826e-02
1.8287500000000000e+02  5.9088641346274384e+00  -7.6521334562084382e+00  2.6150188109809045e-02
1.8324999999999997e+02  5.9052177276484130e+00  -7.6699279558255915e+00  2.6115641535133891e-02
1.8362500000000000e+02  5.9015697706754064e+00  -7.6877136945329179e+00  2.6081286815893320e-02
1.8400000000000000e+02  5.8979235188362544e+00  -7.7054874568801104e+00  2.6047120276141613e-02
1.8437500000000000e+02  5.8942740396698765e+00  -7.7232541940345758e+00  2.6013141920759375e-02
1.8475000000000000e+02  5.8906243315606686e+00  -7.7410109463685952e+00  2.5979348214984998e-02
1.8512500000000003e+02  5.8869725643618693e+00  -7.7587595702417742e+00  2.5945737830503159e-02
1.8549999999999997e+02  5.8833231887074255e+00  -7.7764956575721875e+00  2.5912306527097421e-02
1.8587500000000000e+02  5.8796716238066118e+00  -7.7942238078175716e+00  2.5879054299421233e-02
1.8625000000000000e+02  5.8760178320626819e+00  -7.8119440889261389e+00  2.5845979061129218e-02
1.8662500000000000e+02  5.8723676824358355e+00  -7.8296506782528157e+00  2.5813075860887501e-02
1.8700000000000000e+02  5.8687144475634527e+00  -7.8473503152594750e+00  2.5780345852722139e-02
1.8737500000000003e+02  5.8650598159273795e+00  -7.8650413461253050e+00  2.5747786153341199e-02
1.8774999999999997e+02  5.8614081049319546e+00  -7.8827194954792406e+00  2.5715392537570731e-02
1.8812500000000000e+02  5.8577565622617911e+00  -7.9003875380069024e+00  2.5683164303314271e-02
1.8850000000000000e+02  5.8541046487632338e+00  -7.9180460411233202e+00  2.5651099684812259e-02
1.8887500000000000e+02  5.8504527911238418e+00  -7.9356946089838427e+00  2.5619196443113921e-02
1.8925000000000000e+02  5.8468023600790220e+00  -7.9533319043378317e+00  2.5587451853673546e-02
1.8962500000000003e+02  5.8431497408494772e+00  -7.9709615608942599e+00  2.5555865815415527e-02
1.8999999999999997e+02  5.8394996155623078e+00  -7.9885789393828652e+00  2.5524433891634103e-02
1.9037500000000000e+02  5.8358500276934882e+00  -8.0061860198042929e+00  2.5493155142891643e-02
1.9075000000000000e+02  5.8322004592272654e+00  -8.0237833476400979e+00  2.5462027904223521e-02
1.9112500000000000e+02  5.8285510962965255e+00  -8.0413707661547971e+00  2.5431050152082222e-02
1.9150000000000000e+02  5.8249018911418551e+00  -8.0589483516746867e+00  2.5400220005647622e-02
1.9187500000000003e+02  5.8212567009601308e+00  -8.0765122874070769e+00  2.5369533427020842e-02
1.9224999999999997e+02  5.8176104027068156e+00  -8.0940677092958975e+00  2.5338991367617459e-02
1.9262500000000000e+02  5.8139659281501217e+00  -8.1116117229263587e+00  2.5308590330150427e-02
1.9300000000000000e+02  5.8103218564803321e+00  -8.1291457729570045e+00  2.5278329265325340e-02
1.9337500000000000e+02  5.8066803938975200e+00  -8.1466676882238112e+00  2.5248205080022755e-02
1.9375000000000000e+02  5.8030387809550890e+00  -8.1641802474898224e+00  2.5218217538688737e-02
1.9412500000000003e+02  5.7993969844308717e+00  -8.1816835116378446e+00  2.5188364879464884e-02
1.9449999999999997e+02  5.7957591906367902e+00  -8.1991733355289789e+00  2.5158642873343955e-02
1.9487500000000000e+02  5.7921215544345879e+00  -8.2166535795849462e+00  2.5129051999809485e-02
1.9525000000000000e+02  5.7884860219274445e+00  -8.2341223314952039e+00  2.5099589362321525e-02
1.9562500000000000e+02  5.7848505614098240e+00  -8.2515816436597174e+00  2.5070254442477201e-02
1.9600000000000000e+02  5.7812184117394168e+00  -8.2690283151525357e+00  2.5041043578759112e-02
1.9637500000000003e+02  5.7775879795062135e+00  -8.2864639612862536e+00  2.5011956022074122e-02
1.9674999999999997e+02  5.7739570515512906e+00  -8.3038908147439763e+00  2.4982991448895871e-02
1.9712500000000000e+02  5.7703299076712655e+00  -8.3213046370166683e+00  2.4954145571520821e-02
1.9750000000000000e+02  5.7667021871666790e+00  -8.3387098007581599e+00  2.4925419431691759e-02
1.9787500000000000e+02  5.7630794138197965e+00  -8.3561008277212530e+00  2.4896807961789936e-02
1.9825000000000000e+02  5.7594572500965961e+00  -8.3734820670960559e+00  2.4868312245321680e-02
1.9862500000000003e+02  5.7558375639397967e+00  -8.3908516837792622e+00  2.4839929512092303e-02
1.9899999999999997e+02  5.7522190344883990e+00  -8.4082110202854228e+00  2.4811659017103700e-02
1.9937500000000000e+02  5.7486009917045005e+00  -8.4255607703610877e+00  2.4783499635023624e-02
1.9975000000000000e+02  5.7449875785049151e+00  -8.4428968318260900e+00  2.4755447154392204e-02
2.0012500000000000e+02  5.7413753857201426e+00  -8.4602226276750265e+00  2.4727502231303260e-02
2.0050000000000000e+02  5.7377666500500126e+00  -8.4775359550468377e+00  2.4699661895984687e-02
2.0087499999999997e+02  5.7341575943762679e+00  -8.4948406030490133e+00  2.4671927120543561e-02
2.0124999999999997e+02  5.7305512750720382e+00  -8.5121335519047108e+00  2.4644294427040313e-02
2.0162500000000000e+02  5.7269494738807127e+00  -8.5294130519412867e+00  2.4616761157192423e-02
2.0200000000000000e+02  5.7233474299118763e+00  -8.5466838718145439e+00  2.4589329022883421e-02
2.0237500000000000e+02  5.7197497838111246e+00  -8.5639414132886813e+00  2.4561993495543187e-02
2.0275000000000000e+02  5.7161540352552747e+00  -8.5811881924978124e+00  2.4534754827302448e-02
2.0312499999999997e+02  5.7125603388189887e+00  -8.5984240803963363e+00  2.4507611517326465e-02
2.0349999999999997e+02  5.7089686463523535e+00  -8.6156491497878527e+00  2.4480562217586609e-02
2.0387500000000000e+02  5.7053811017015326e+00  -8.6328612897761197e+00  2.4453604091893934e-02
2.0425000000000000e+02  5.7017938591741579e+00  -8.6500643559349193e+00  2.4426738425105732e-02
2.0462500000000000e+02  5.6982106494606510e+00  -8.6672546564545137e+00  2.4399961316012797e-02
2.0500000000000000e+02  5.6946296266445042e+00  -8.6844340545321579e+00  2.4373272715736582e-02
2.0537499999999997e+02  5.6910523102752704e+00  -8.7016010608713064e+00  2.4346670260060693e-02
2.0574999999999997e+02  5.6874758973657267e+00  -8.7187584916086536e+00  2.4320154621132666e-02
2.0612500000000000e+02  5.6839036618481682e+00  -8.7359031098153750e+00  2.4293722230068395e-02
2.0650000000000000e+02  5.6803333971449392e+00  -8.7530371372797973e+00  2.4267373381280922e-02
2.0687500000000000e+02  5.6767660220506029e+00  -8.7701596827139632e+00  2.4241106185481216e-02
2.0725000000000000e+02  5.6732026307342309e+00  -8.7872696801373529e+00  2.4214918632271449e-02
2.0762499999999997e+02  5.6696400887301284e+00  -8.8043702749339232e+00  2.4188811752827773e-02
2.0799999999999997e+02  5.6660808408453560e+00  -8.8214590557179147e+00  2.4162782605285274e-02
2.0837500000000000e+02  5.6625261526475148e+00  -8.8385347855916088e+00  2.4136829088694123e-02
2.0875000000000000e+02  5.6589729196177752e+00  -8.8556005796060262e+00  2.4110952281750801e-02
2.0912500000000000e+02  5.6554233603382791e+00  -8.8726542515375275e+00  2.4085149427315128e-02
2.0950000000000000e+02  5.6518762802702387e+00  -8.8896970140505012e+00  2.4059420259923799e-02
2.0987499999999997e+02  5.6483318112374583e+00  -8.9067287588243680e+00  2.4033763566895988e-02
2.1024999999999997e+02  5.6447913881478602e+00  -8.9237480799022819e+00  2.4008177186671496e-02
2.1062500000000000e+02  5.6412540101861222e+00  -8.9407559966683721e+00  2.3982660762472994e-02
2.1100000000000000e+02  5.6377186892101383e+00  -8.9577535156800643e+00  2.3957213953630877e-02
2.1137500000000000e+02  5.6341881400683613e+00  -8.9747379563176750e+00  2.3931833680845265e-02
2.1175000000000000e+02  5.6306597085981753e+00  -8.9917119837801245e+00  2.3906520872306169e-02
2.1212499999999997e+02  5.6271337096104359e+00  -9.0086753069200221e+00  2.3881274266734420e-02
2.1249999999999997e+02  5.6236124572025599e+00  -9.0256256440114182e+00  2.3856091106953553e-02
2.1287500000000000e+02  5.6200936874234708e+00  -9.0425652712561053e+00  2.3830972089722870e-02
2.1325000000000000e+02  5.6165786116084826e+00  -9.0594930047029827e+00  2.3805915311314280e-02
2.1362500000000000e+02  5.6130667965443850e+00  -9.0764092976052666e+00  2.3780920122183080e-02
2.1400000000000000e+02  5.6095578153735826e+00  -9.0933145967468096e+00  2.3755985886012052e-02
2.1437499999999997e+02  5.6060525012267410e+00  -9.1102080944725756e+00  2.3731111019584868e-02
2.1474999999999997e+02  5.6025493542397777e+00  -9.1270913055082019e+00  2.3706295737209615e-02
2.1512500000000000e+02  5.5990504530505296e+00  -9.1439621821669785e+00  2.3681537524597875e-02
2.1550000000000000e+02  5.5955564260468806e+00  -9.1608201204478590e+00  2.3656834982903427e-02
2.1587500000000000e+02  5.5920631251616033e+00  -9.1776692707454970e+00  2.3632190419421786e-02
2.1625000000000000e+02  5.5885750840214072e+00  -9.1945051415064363e+00  2.3607599450072073e-02
2.1662499999999997e+02  5.5850904582554746e+00  -9.2113295897930314e+00  2.3583062630578525e-02
2.1699999999999997e+02  5.5816082999713270e+00  -9.2281435801059715e+00  2.3558579845426957e-02
2.1737500000000000e+02  5.5781301163902031e+00  -9.2449456332117066e+00  2.3534149078814903e-02
2.1775000000000000e+02  5.5746546109668396e+00  -9.2617370604113560e+00  2.3509770514818534e-02
2.1812500000000000e+02  5.5711844879060974e+00  -9.2785151910678731e+00  2.3485441215421149e-02
2.1850000000000000e+02  5.5677167197721218e+00  -9.2952830589517852e+00  2.3461162750672029e-02
2.1887499999999997e+02  5.5642534783438267e+00  -9.3120385232063452e+00  2.3436932620012230e-02
2.1924999999999997e+02  5.5607919366754883e+00  -9.3287844176898300e+00  2.3412752275379159e-02
2.1962500000000000e+02  5.5573351073677566e+00  -9.3455177646552059e+00  2.3388618569859222e-02
2.2000000000000000e+02  5.5538827319557358e+00  -9.3622388416851994e+00  2.3364530947355130e-02
2.2037500000000000e+02  5.5504326888644995e+00  -9.3789497802326061e+00  2.3340490349518062e-02
2.2075000000000000e+02  5.5469857552369630e+00  -9.3956498269906845e+00  2.3316495430762585e-02
2.2112499999999997e+02  5.5435435416155272e+00  -9.4123373993582078e+00  2.3292544185886804e-02
2.2149999999999997e+02  5.5401046124017803e+00  -9.4290139458036393e+00  2.3268637051364529e-02
